subjID	delay_later	amount_later	delay_sooner	amount_sooner	choice
161	11	25	0	12	0
161	81	35	0	31	1
161	14	25	0	16	0
161	45	30	0	28	0
161	12	35	0	12	0
161	106	30	0	18	1
161	7	30	0	14	0
161	9	30	0	22	1
161	35	35	0	11	0
161	58	25	0	13	1
161	160	35	0	34	0
161	6	35	0	14	0
161	15	30	0	26	0
161	8	30	0	25	0
161	119	35	0	16	0
161	180	25	0	24	0
161	87	30	0	29	0
161	145	25	0	23	1
161	126	30	0	20	0
161	99	35	0	10	0
161	1	25	0	20	1
161	41	35	0	30	0
161	113	30	0	28	1
161	173	25	0	24	1
161	61	35	0	33	1
161	48	25	0	17	0
161	170	30	0	29	1
161	30	25	0	21	0
161	168	35	0	17	0
161	152	35	0	33	0
161	2	25	0	19	1
161	110	35	0	34	0
161	22	35	0	26	1
161	136	25	0	22	0
161	16	30	0	15	0
161	112	25	0	24	0
161	130	30	0	29	1
161	25	35	0	10	0
161	4	30	0	15	0
161	37	25	0	13	0
161	44	30	0	27	1
161	159	35	0	25	0
161	158	25	0	20	0
161	47	35	0	34	0
161	111	30	0	27	0
161	98	25	0	18	0
161	76	25	0	21	0
161	109	30	0	11	0
161	43	35	0	13	0
161	5	25	0	19	0
161	3	30	0	23	0
172	14	25	0	16	0
172	1	25	0	20	0
172	22	35	0	26	0
172	126	30	0	20	1
172	15	30	0	26	1
172	4	30	0	15	0
172	180	25	0	24	1
172	145	25	0	23	1
172	130	30	0	29	1
172	168	35	0	17	0
172	47	35	0	34	0
172	3	30	0	23	0
172	87	30	0	29	0
172	110	35	0	34	1
172	16	30	0	15	0
172	173	25	0	24	0
172	9	30	0	22	0
172	170	30	0	29	0
172	152	35	0	33	1
172	113	30	0	28	1
172	109	30	0	11	0
172	119	35	0	16	0
172	43	35	0	13	1
172	11	25	0	12	0
172	159	35	0	25	0
172	44	30	0	27	0
172	158	25	0	20	0
172	99	35	0	10	0
172	12	35	0	12	0
172	136	25	0	22	1
172	25	35	0	10	0
172	76	25	0	21	1
172	7	30	0	14	0
172	98	25	0	18	0
172	61	35	0	33	1
172	5	25	0	19	0
172	48	25	0	17	0
172	111	30	0	27	0
172	41	35	0	30	0
172	35	35	0	11	0
172	8	30	0	25	0
172	30	25	0	21	0
172	2	25	0	19	0
172	45	30	0	28	1
172	37	25	0	13	0
172	112	25	0	24	0
172	106	30	0	18	0
172	6	35	0	14	0
172	81	35	0	31	0
172	160	35	0	34	1
172	58	25	0	13	0
182	110	35	0	34	0
182	173	25	0	24	0
182	5	25	0	19	0
182	16	30	0	15	0
182	159	35	0	25	0
182	48	25	0	17	0
182	119	35	0	16	0
182	35	35	0	11	0
182	87	30	0	29	0
182	9	30	0	22	0
182	109	30	0	11	1
182	30	25	0	21	0
182	168	35	0	17	0
182	106	30	0	18	1
182	6	35	0	14	0
182	3	30	0	23	0
182	12	35	0	12	0
182	170	30	0	29	1
182	76	25	0	21	0
182	113	30	0	28	1
182	180	25	0	24	0
182	136	25	0	22	1
182	130	30	0	29	0
182	43	35	0	13	0
182	98	25	0	18	1
182	81	35	0	31	1
182	145	25	0	23	1
182	11	25	0	12	0
182	111	30	0	27	1
182	25	35	0	10	0
182	158	25	0	20	0
182	99	35	0	10	1
182	1	25	0	20	0
182	44	30	0	27	1
182	126	30	0	20	1
182	15	30	0	26	1
182	160	35	0	34	0
182	45	30	0	28	0
182	8	30	0	25	0
182	4	30	0	15	0
182	22	35	0	26	1
182	112	25	0	24	0
182	61	35	0	33	0
182	7	30	0	14	0
182	152	35	0	33	0
182	41	35	0	30	0
182	37	25	0	13	0
182	14	25	0	16	0
182	2	25	0	19	0
182	58	25	0	13	0
182	47	35	0	34	1
208	8	30	0	25	0
208	106	30	0	18	0
208	111	30	0	27	0
208	110	35	0	34	0
208	173	25	0	24	0
208	130	30	0	29	0
208	168	35	0	17	0
208	45	30	0	28	0
208	99	35	0	10	0
208	14	25	0	16	0
208	112	25	0	24	0
208	113	30	0	28	0
208	180	25	0	24	0
208	126	30	0	20	0
208	25	35	0	10	0
208	22	35	0	26	0
208	7	30	0	14	0
208	12	35	0	12	0
208	47	35	0	34	1
208	11	25	0	12	0
208	5	25	0	19	0
208	61	35	0	33	0
208	159	35	0	25	0
208	44	30	0	27	1
208	81	35	0	31	0
208	152	35	0	33	0
208	2	25	0	19	0
208	6	35	0	14	0
208	136	25	0	22	0
208	9	30	0	22	0
208	35	35	0	11	0
208	160	35	0	34	1
208	1	25	0	20	0
208	16	30	0	15	0
208	43	35	0	13	0
208	170	30	0	29	1
208	37	25	0	13	0
208	3	30	0	23	0
208	48	25	0	17	0
208	76	25	0	21	0
208	145	25	0	23	0
208	15	30	0	26	0
208	30	25	0	21	0
208	41	35	0	30	0
208	58	25	0	13	0
208	87	30	0	29	0
208	158	25	0	20	1
208	4	30	0	15	0
208	119	35	0	16	0
208	98	25	0	18	0
208	109	30	0	11	0
241	152	35	0	33	0
241	76	25	0	21	0
241	61	35	0	33	0
241	6	35	0	14	0
241	11	25	0	12	0
241	44	30	0	27	0
241	158	25	0	20	0
241	35	35	0	11	0
241	110	35	0	34	0
241	173	25	0	24	0
241	16	30	0	15	0
241	45	30	0	28	0
241	111	30	0	27	0
241	37	25	0	13	0
241	15	30	0	26	0
241	12	35	0	12	0
241	43	35	0	13	0
241	47	35	0	34	0
241	126	30	0	20	0
241	98	25	0	18	0
241	25	35	0	10	0
241	41	35	0	30	1
241	1	25	0	20	0
241	180	25	0	24	1
241	168	35	0	17	0
241	87	30	0	29	1
241	99	35	0	10	0
241	106	30	0	18	0
241	48	25	0	17	0
241	58	25	0	13	0
241	159	35	0	25	0
241	113	30	0	28	0
241	2	25	0	19	0
241	170	30	0	29	1
241	130	30	0	29	0
241	109	30	0	11	0
241	112	25	0	24	0
241	136	25	0	22	1
241	30	25	0	21	1
241	5	25	0	19	0
241	4	30	0	15	0
241	81	35	0	31	0
241	160	35	0	34	1
241	22	35	0	26	0
241	7	30	0	14	0
241	3	30	0	23	0
241	8	30	0	25	0
241	119	35	0	16	0
241	14	25	0	16	0
241	9	30	0	22	0
241	145	25	0	23	1
247	81	35	0	31	0
247	126	30	0	20	0
247	111	30	0	27	0
247	99	35	0	10	0
247	47	35	0	34	0
247	145	25	0	23	0
247	106	30	0	18	0
247	130	30	0	29	1
247	180	25	0	24	0
247	76	25	0	21	1
247	136	25	0	22	1
247	48	25	0	17	0
247	8	30	0	25	0
247	16	30	0	15	1
247	45	30	0	28	1
247	168	35	0	17	0
247	11	25	0	12	0
247	112	25	0	24	1
247	43	35	0	13	0
247	9	30	0	22	0
247	173	25	0	24	0
247	170	30	0	29	1
247	12	35	0	12	0
247	61	35	0	33	0
247	158	25	0	20	1
247	2	25	0	19	0
247	37	25	0	13	0
247	160	35	0	34	0
247	3	30	0	23	1
247	22	35	0	26	1
247	1	25	0	20	0
247	7	30	0	14	0
247	44	30	0	27	0
247	98	25	0	18	1
247	25	35	0	10	0
247	58	25	0	13	0
247	4	30	0	15	0
247	113	30	0	28	0
247	30	25	0	21	1
247	41	35	0	30	1
247	110	35	0	34	1
247	35	35	0	11	0
247	159	35	0	25	0
247	15	30	0	26	0
247	5	25	0	19	0
247	119	35	0	16	0
247	152	35	0	33	1
247	87	30	0	29	1
247	109	30	0	11	1
247	6	35	0	14	1
247	14	25	0	16	1
273	126	30	0	20	0
273	30	25	0	21	0
273	173	25	0	24	1
273	170	30	0	29	0
273	4	30	0	15	0
273	14	25	0	16	0
273	48	25	0	17	0
273	58	25	0	13	0
273	15	30	0	26	0
273	98	25	0	18	0
273	47	35	0	34	0
273	2	25	0	19	0
273	45	30	0	28	0
273	113	30	0	28	0
273	180	25	0	24	1
273	3	30	0	23	0
273	160	35	0	34	0
273	145	25	0	23	0
273	12	35	0	12	0
273	1	25	0	20	0
273	43	35	0	13	0
273	159	35	0	25	0
273	81	35	0	31	0
273	119	35	0	16	0
273	8	30	0	25	0
273	35	35	0	11	0
273	16	30	0	15	0
273	7	30	0	14	0
273	25	35	0	10	0
273	106	30	0	18	0
273	152	35	0	33	0
273	168	35	0	17	0
273	87	30	0	29	1
273	110	35	0	34	0
273	44	30	0	27	0
273	130	30	0	29	0
273	158	25	0	20	0
273	76	25	0	21	0
273	6	35	0	14	0
273	99	35	0	10	0
273	111	30	0	27	0
273	5	25	0	19	0
273	61	35	0	33	0
273	37	25	0	13	0
273	41	35	0	30	0
273	112	25	0	24	1
273	109	30	0	11	0
273	22	35	0	26	0
273	136	25	0	22	0
273	9	30	0	22	0
273	11	25	0	12	0
281	14	25	0	16	0
281	130	30	0	29	0
281	106	30	0	18	1
281	5	25	0	19	0
281	11	25	0	12	0
281	145	25	0	23	0
281	98	25	0	18	0
281	159	35	0	25	0
281	112	25	0	24	0
281	8	30	0	25	1
281	37	25	0	13	0
281	25	35	0	10	0
281	43	35	0	13	0
281	99	35	0	10	0
281	81	35	0	31	1
281	87	30	0	29	0
281	48	25	0	17	1
281	45	30	0	28	1
281	7	30	0	14	0
281	9	30	0	22	0
281	160	35	0	34	1
281	35	35	0	11	0
281	109	30	0	11	0
281	22	35	0	26	0
281	180	25	0	24	0
281	126	30	0	20	0
281	16	30	0	15	0
281	47	35	0	34	0
281	110	35	0	34	0
281	111	30	0	27	1
281	136	25	0	22	0
281	113	30	0	28	1
281	30	25	0	21	0
281	173	25	0	24	0
281	170	30	0	29	0
281	15	30	0	26	0
281	4	30	0	15	0
281	76	25	0	21	1
281	6	35	0	14	0
281	41	35	0	30	0
281	1	25	0	20	0
281	152	35	0	33	0
281	58	25	0	13	0
281	168	35	0	17	0
281	119	35	0	16	0
281	61	35	0	33	0
281	3	30	0	23	0
281	12	35	0	12	0
281	158	25	0	20	0
281	2	25	0	19	0
281	44	30	0	27	1
292	44	30	0	27	0
292	8	30	0	25	0
292	25	35	0	10	0
292	6	35	0	14	0
292	48	25	0	17	0
292	119	35	0	16	0
292	14	25	0	16	0
292	37	25	0	13	0
292	41	35	0	30	1
292	11	25	0	12	0
292	159	35	0	25	1
292	58	25	0	13	1
292	9	30	0	22	0
292	170	30	0	29	1
292	98	25	0	18	0
292	158	25	0	20	0
292	43	35	0	13	0
292	7	30	0	14	0
292	30	25	0	21	0
292	2	25	0	19	0
292	145	25	0	23	1
292	47	35	0	34	0
292	136	25	0	22	0
292	113	30	0	28	1
292	5	25	0	19	0
292	1	25	0	20	0
292	112	25	0	24	1
292	111	30	0	27	0
292	12	35	0	12	0
292	109	30	0	11	1
292	16	30	0	15	0
292	61	35	0	33	1
292	87	30	0	29	1
292	152	35	0	33	0
292	4	30	0	15	0
292	110	35	0	34	1
292	81	35	0	31	0
292	126	30	0	20	0
292	180	25	0	24	1
292	15	30	0	26	0
292	22	35	0	26	0
292	173	25	0	24	0
292	76	25	0	21	1
292	130	30	0	29	0
292	3	30	0	23	0
292	160	35	0	34	0
292	99	35	0	10	0
292	35	35	0	11	0
292	45	30	0	28	1
292	168	35	0	17	0
292	106	30	0	18	0
300	111	30	0	27	0
300	8	30	0	25	1
300	9	30	0	22	0
300	160	35	0	34	0
300	15	30	0	26	0
300	22	35	0	26	0
300	35	35	0	11	0
300	58	25	0	13	0
300	61	35	0	33	0
300	180	25	0	24	1
300	106	30	0	18	0
300	14	25	0	16	0
300	99	35	0	10	0
300	45	30	0	28	0
300	145	25	0	23	0
300	25	35	0	10	0
300	130	30	0	29	1
300	6	35	0	14	0
300	5	25	0	19	0
300	16	30	0	15	0
300	158	25	0	20	1
300	168	35	0	17	0
300	81	35	0	31	0
300	76	25	0	21	0
300	7	30	0	14	0
300	30	25	0	21	0
300	173	25	0	24	1
300	11	25	0	12	0
300	87	30	0	29	1
300	112	25	0	24	1
300	4	30	0	15	0
300	113	30	0	28	1
300	136	25	0	22	0
300	98	25	0	18	0
300	109	30	0	11	0
300	110	35	0	34	0
300	3	30	0	23	0
300	44	30	0	27	0
300	41	35	0	30	0
300	152	35	0	33	0
300	1	25	0	20	0
300	126	30	0	20	0
300	47	35	0	34	1
300	37	25	0	13	0
300	12	35	0	12	0
300	43	35	0	13	0
300	48	25	0	17	0
300	159	35	0	25	0
300	119	35	0	16	0
300	2	25	0	19	0
300	170	30	0	29	1
308	14	25	0	16	0
308	7	30	0	14	0
308	30	25	0	21	0
308	130	30	0	29	0
308	1	25	0	20	0
308	106	30	0	18	0
308	81	35	0	31	1
308	48	25	0	17	0
308	136	25	0	22	0
308	180	25	0	24	0
308	47	35	0	34	0
308	170	30	0	29	0
308	76	25	0	21	1
308	22	35	0	26	0
308	16	30	0	15	0
308	126	30	0	20	0
308	43	35	0	13	0
308	35	35	0	11	0
308	98	25	0	18	1
308	11	25	0	12	0
308	173	25	0	24	1
308	4	30	0	15	0
308	6	35	0	14	0
308	112	25	0	24	1
308	25	35	0	10	0
308	160	35	0	34	0
308	158	25	0	20	0
308	9	30	0	22	0
308	99	35	0	10	0
308	109	30	0	11	0
308	41	35	0	30	0
308	61	35	0	33	0
308	5	25	0	19	0
308	3	30	0	23	0
308	113	30	0	28	0
308	45	30	0	28	1
308	58	25	0	13	0
308	119	35	0	16	0
308	12	35	0	12	0
308	110	35	0	34	0
308	152	35	0	33	0
308	2	25	0	19	0
308	168	35	0	17	0
308	8	30	0	25	0
308	159	35	0	25	0
308	37	25	0	13	0
308	145	25	0	23	0
308	44	30	0	27	0
308	15	30	0	26	0
308	111	30	0	27	1
308	87	30	0	29	0
313	113	30	0	28	0
313	47	35	0	34	1
313	159	35	0	25	1
313	12	35	0	12	0
313	112	25	0	24	0
313	3	30	0	23	0
313	109	30	0	11	0
313	25	35	0	10	0
313	145	25	0	23	0
313	43	35	0	13	0
313	58	25	0	13	0
313	99	35	0	10	0
313	22	35	0	26	0
313	14	25	0	16	0
313	37	25	0	13	0
313	158	25	0	20	0
313	170	30	0	29	0
313	7	30	0	14	0
313	48	25	0	17	0
313	8	30	0	25	0
313	173	25	0	24	0
313	30	25	0	21	0
313	4	30	0	15	0
313	168	35	0	17	0
313	44	30	0	27	0
313	41	35	0	30	0
313	87	30	0	29	1
313	160	35	0	34	1
313	6	35	0	14	0
313	110	35	0	34	0
313	152	35	0	33	0
313	35	35	0	11	0
313	2	25	0	19	0
313	126	30	0	20	0
313	45	30	0	28	0
313	106	30	0	18	0
313	111	30	0	27	0
313	5	25	0	19	0
313	98	25	0	18	0
313	16	30	0	15	0
313	61	35	0	33	0
313	81	35	0	31	0
313	130	30	0	29	0
313	9	30	0	22	0
313	15	30	0	26	0
313	11	25	0	12	0
313	180	25	0	24	1
313	119	35	0	16	0
313	136	25	0	22	0
313	1	25	0	20	0
313	76	25	0	21	0
331	5	25	0	19	0
331	119	35	0	16	0
331	98	25	0	18	1
331	99	35	0	10	1
331	12	35	0	12	0
331	180	25	0	24	1
331	15	30	0	26	1
331	112	25	0	24	0
331	109	30	0	11	0
331	11	25	0	12	0
331	2	25	0	19	0
331	16	30	0	15	0
331	152	35	0	33	0
331	14	25	0	16	0
331	6	35	0	14	1
331	22	35	0	26	0
331	136	25	0	22	1
331	3	30	0	23	0
331	43	35	0	13	1
331	130	30	0	29	1
331	30	25	0	21	0
331	35	35	0	11	0
331	126	30	0	20	0
331	168	35	0	17	0
331	81	35	0	31	1
331	41	35	0	30	1
331	76	25	0	21	0
331	37	25	0	13	0
331	106	30	0	18	0
331	44	30	0	27	1
331	48	25	0	17	1
331	8	30	0	25	1
331	159	35	0	25	1
331	25	35	0	10	0
331	58	25	0	13	0
331	158	25	0	20	1
331	110	35	0	34	0
331	61	35	0	33	1
331	1	25	0	20	0
331	160	35	0	34	0
331	173	25	0	24	0
331	9	30	0	22	1
331	111	30	0	27	1
331	87	30	0	29	0
331	47	35	0	34	0
331	4	30	0	15	0
331	113	30	0	28	0
331	145	25	0	23	0
331	7	30	0	14	1
331	170	30	0	29	1
331	45	30	0	28	1
333	12	35	0	12	0
333	159	35	0	25	0
333	8	30	0	25	0
333	30	25	0	21	0
333	160	35	0	34	0
333	110	35	0	34	0
333	173	25	0	24	1
333	180	25	0	24	0
333	3	30	0	23	0
333	109	30	0	11	0
333	58	25	0	13	0
333	41	35	0	30	0
333	136	25	0	22	1
333	61	35	0	33	1
333	126	30	0	20	0
333	119	35	0	16	0
333	168	35	0	17	0
333	9	30	0	22	0
333	16	30	0	15	0
333	4	30	0	15	0
333	99	35	0	10	0
333	44	30	0	27	0
333	113	30	0	28	0
333	45	30	0	28	1
333	25	35	0	10	0
333	130	30	0	29	0
333	37	25	0	13	0
333	98	25	0	18	0
333	2	25	0	19	0
333	112	25	0	24	1
333	22	35	0	26	0
333	6	35	0	14	0
333	111	30	0	27	0
333	47	35	0	34	0
333	35	35	0	11	0
333	11	25	0	12	0
333	48	25	0	17	0
333	87	30	0	29	0
333	7	30	0	14	0
333	81	35	0	31	0
333	43	35	0	13	0
333	1	25	0	20	0
333	158	25	0	20	0
333	145	25	0	23	0
333	170	30	0	29	1
333	152	35	0	33	0
333	76	25	0	21	0
333	106	30	0	18	0
333	14	25	0	16	0
333	5	25	0	19	0
333	15	30	0	26	0
346	136	25	0	22	0
346	45	30	0	28	0
346	25	35	0	10	0
346	61	35	0	33	0
346	152	35	0	33	0
346	170	30	0	29	0
346	5	25	0	19	0
346	47	35	0	34	0
346	22	35	0	26	0
346	113	30	0	28	0
346	15	30	0	26	0
346	106	30	0	18	0
346	110	35	0	34	0
346	9	30	0	22	0
346	8	30	0	25	0
346	159	35	0	25	0
346	145	25	0	23	0
346	76	25	0	21	0
346	43	35	0	13	0
346	6	35	0	14	0
346	158	25	0	20	0
346	3	30	0	23	0
346	44	30	0	27	0
346	81	35	0	31	0
346	41	35	0	30	0
346	173	25	0	24	0
346	111	30	0	27	0
346	119	35	0	16	0
346	16	30	0	15	0
346	126	30	0	20	0
346	37	25	0	13	0
346	98	25	0	18	0
346	109	30	0	11	0
346	30	25	0	21	0
346	11	25	0	12	0
346	87	30	0	29	0
346	4	30	0	15	0
346	12	35	0	12	0
346	14	25	0	16	0
346	168	35	0	17	0
346	99	35	0	10	0
346	2	25	0	19	0
346	7	30	0	14	0
346	160	35	0	34	0
346	1	25	0	20	0
346	130	30	0	29	0
346	180	25	0	24	0
346	48	25	0	17	0
346	112	25	0	24	0
346	58	25	0	13	0
346	35	35	0	11	0
35	81	35	0	31	0
35	35	35	0	11	0
35	22	35	0	26	0
35	12	35	0	12	0
35	112	25	0	24	1
35	16	30	0	15	0
35	11	25	0	12	0
35	7	30	0	14	0
35	130	30	0	29	0
35	99	35	0	10	0
35	98	25	0	18	0
35	47	35	0	34	0
35	8	30	0	25	0
35	61	35	0	33	1
35	106	30	0	18	0
35	109	30	0	11	0
35	4	30	0	15	0
35	158	25	0	20	0
35	30	25	0	21	0
35	9	30	0	22	0
35	1	25	0	20	0
35	76	25	0	21	0
35	152	35	0	33	1
35	6	35	0	14	0
35	14	25	0	16	0
35	41	35	0	30	0
35	5	25	0	19	0
35	173	25	0	24	0
35	159	35	0	25	0
35	15	30	0	26	0
35	44	30	0	27	1
35	113	30	0	28	1
35	170	30	0	29	0
35	58	25	0	13	0
35	25	35	0	10	0
35	145	25	0	23	1
35	111	30	0	27	0
35	87	30	0	29	0
35	126	30	0	20	0
35	45	30	0	28	1
35	37	25	0	13	0
35	43	35	0	13	0
35	2	25	0	19	0
35	119	35	0	16	0
35	110	35	0	34	1
35	48	25	0	17	0
35	168	35	0	17	0
35	160	35	0	34	0
35	3	30	0	23	0
35	136	25	0	22	1
35	180	25	0	24	0
369	111	30	0	27	0
369	159	35	0	25	1
369	119	35	0	16	1
369	22	35	0	26	1
369	30	25	0	21	0
369	8	30	0	25	0
369	106	30	0	18	1
369	43	35	0	13	1
369	158	25	0	20	0
369	25	35	0	10	0
369	9	30	0	22	0
369	98	25	0	18	0
369	15	30	0	26	1
369	110	35	0	34	0
369	2	25	0	19	0
369	109	30	0	11	0
369	130	30	0	29	0
369	16	30	0	15	1
369	3	30	0	23	0
369	113	30	0	28	1
369	99	35	0	10	0
369	112	25	0	24	0
369	136	25	0	22	1
369	44	30	0	27	0
369	87	30	0	29	0
369	1	25	0	20	0
369	11	25	0	12	0
369	76	25	0	21	0
369	6	35	0	14	0
369	37	25	0	13	0
369	160	35	0	34	0
369	168	35	0	17	1
369	126	30	0	20	1
369	48	25	0	17	1
369	12	35	0	12	0
369	145	25	0	23	0
369	7	30	0	14	0
369	14	25	0	16	0
369	41	35	0	30	1
369	173	25	0	24	1
369	45	30	0	28	0
369	170	30	0	29	1
369	47	35	0	34	1
369	81	35	0	31	0
369	152	35	0	33	1
369	5	25	0	19	1
369	180	25	0	24	0
369	58	25	0	13	0
369	61	35	0	33	1
369	4	30	0	15	0
369	35	35	0	11	1
379	126	30	0	20	1
379	45	30	0	28	0
379	112	25	0	24	1
379	168	35	0	17	0
379	22	35	0	26	0
379	8	30	0	25	0
379	14	25	0	16	0
379	170	30	0	29	1
379	47	35	0	34	0
379	76	25	0	21	0
379	7	30	0	14	0
379	5	25	0	19	0
379	106	30	0	18	0
379	11	25	0	12	0
379	152	35	0	33	1
379	4	30	0	15	0
379	37	25	0	13	0
379	81	35	0	31	0
379	173	25	0	24	1
379	9	30	0	22	0
379	15	30	0	26	0
379	30	25	0	21	0
379	110	35	0	34	0
379	2	25	0	19	0
379	1	25	0	20	0
379	25	35	0	10	0
379	99	35	0	10	0
379	44	30	0	27	0
379	145	25	0	23	1
379	113	30	0	28	1
379	158	25	0	20	0
379	41	35	0	30	0
379	61	35	0	33	0
379	109	30	0	11	0
379	87	30	0	29	0
379	6	35	0	14	0
379	180	25	0	24	1
379	48	25	0	17	0
379	111	30	0	27	0
379	160	35	0	34	1
379	119	35	0	16	0
379	35	35	0	11	0
379	12	35	0	12	0
379	43	35	0	13	0
379	98	25	0	18	0
379	16	30	0	15	0
379	3	30	0	23	0
379	130	30	0	29	0
379	159	35	0	25	0
379	136	25	0	22	0
379	58	25	0	13	0
386	113	30	0	28	1
386	173	25	0	24	0
386	158	25	0	20	0
386	126	30	0	20	1
386	47	35	0	34	0
386	106	30	0	18	1
386	4	30	0	15	0
386	7	30	0	14	0
386	170	30	0	29	1
386	3	30	0	23	0
386	110	35	0	34	1
386	76	25	0	21	0
386	35	35	0	11	0
386	145	25	0	23	0
386	45	30	0	28	1
386	22	35	0	26	0
386	180	25	0	24	1
386	8	30	0	25	0
386	61	35	0	33	0
386	30	25	0	21	1
386	25	35	0	10	0
386	159	35	0	25	0
386	99	35	0	10	0
386	6	35	0	14	0
386	168	35	0	17	0
386	98	25	0	18	1
386	111	30	0	27	1
386	41	35	0	30	0
386	58	25	0	13	0
386	14	25	0	16	0
386	43	35	0	13	0
386	152	35	0	33	1
386	109	30	0	11	0
386	44	30	0	27	1
386	2	25	0	19	0
386	48	25	0	17	0
386	37	25	0	13	0
386	136	25	0	22	1
386	12	35	0	12	0
386	81	35	0	31	0
386	5	25	0	19	0
386	9	30	0	22	0
386	1	25	0	20	0
386	15	30	0	26	0
386	11	25	0	12	0
386	119	35	0	16	1
386	160	35	0	34	0
386	130	30	0	29	0
386	112	25	0	24	1
386	16	30	0	15	0
386	87	30	0	29	1
388	99	35	0	10	0
388	25	35	0	10	0
388	160	35	0	34	0
388	81	35	0	31	0
388	159	35	0	25	0
388	126	30	0	20	1
388	9	30	0	22	0
388	106	30	0	18	0
388	7	30	0	14	0
388	3	30	0	23	0
388	2	25	0	19	0
388	112	25	0	24	1
388	35	35	0	11	0
388	6	35	0	14	0
388	5	25	0	19	0
388	41	35	0	30	1
388	14	25	0	16	0
388	168	35	0	17	0
388	130	30	0	29	1
388	44	30	0	27	1
388	16	30	0	15	0
388	4	30	0	15	0
388	1	25	0	20	0
388	22	35	0	26	1
388	12	35	0	12	0
388	8	30	0	25	0
388	61	35	0	33	1
388	76	25	0	21	1
388	48	25	0	17	0
388	136	25	0	22	1
388	11	25	0	12	0
388	173	25	0	24	0
388	145	25	0	23	1
388	110	35	0	34	1
388	47	35	0	34	0
388	152	35	0	33	0
388	98	25	0	18	1
388	111	30	0	27	0
388	119	35	0	16	1
388	37	25	0	13	0
388	30	25	0	21	1
388	58	25	0	13	0
388	113	30	0	28	1
388	45	30	0	28	1
388	170	30	0	29	0
388	43	35	0	13	0
388	87	30	0	29	1
388	109	30	0	11	1
388	158	25	0	20	1
388	15	30	0	26	0
388	180	25	0	24	0
420	152	35	0	33	0
420	126	30	0	20	0
420	11	25	0	12	1
420	4	30	0	15	0
420	25	35	0	10	1
420	76	25	0	21	0
420	22	35	0	26	0
420	112	25	0	24	0
420	98	25	0	18	1
420	159	35	0	25	1
420	58	25	0	13	1
420	81	35	0	31	0
420	136	25	0	22	1
420	180	25	0	24	1
420	109	30	0	11	0
420	61	35	0	33	1
420	119	35	0	16	0
420	160	35	0	34	0
420	35	35	0	11	0
420	9	30	0	22	0
420	37	25	0	13	0
420	15	30	0	26	0
420	14	25	0	16	0
420	1	25	0	20	0
420	110	35	0	34	1
420	12	35	0	12	0
420	7	30	0	14	0
420	99	35	0	10	0
420	170	30	0	29	1
420	8	30	0	25	0
420	41	35	0	30	0
420	173	25	0	24	1
420	30	25	0	21	1
420	158	25	0	20	1
420	87	30	0	29	1
420	16	30	0	15	0
420	43	35	0	13	0
420	3	30	0	23	0
420	168	35	0	17	1
420	45	30	0	28	0
420	106	30	0	18	0
420	145	25	0	23	1
420	5	25	0	19	1
420	48	25	0	17	1
420	111	30	0	27	1
420	113	30	0	28	0
420	6	35	0	14	0
420	2	25	0	19	0
420	44	30	0	27	0
420	130	30	0	29	0
420	47	35	0	34	1
422	113	30	0	28	0
422	35	35	0	11	0
422	30	25	0	21	0
422	41	35	0	30	1
422	87	30	0	29	0
422	16	30	0	15	0
422	43	35	0	13	0
422	136	25	0	22	0
422	8	30	0	25	1
422	48	25	0	17	1
422	126	30	0	20	1
422	111	30	0	27	0
422	170	30	0	29	0
422	2	25	0	19	0
422	1	25	0	20	0
422	45	30	0	28	1
422	81	35	0	31	0
422	160	35	0	34	0
422	119	35	0	16	0
422	44	30	0	27	0
422	145	25	0	23	0
422	14	25	0	16	0
422	158	25	0	20	1
422	9	30	0	22	0
422	159	35	0	25	0
422	47	35	0	34	1
422	3	30	0	23	0
422	152	35	0	33	0
422	99	35	0	10	1
422	130	30	0	29	0
422	106	30	0	18	0
422	58	25	0	13	1
422	15	30	0	26	1
422	12	35	0	12	0
422	5	25	0	19	0
422	110	35	0	34	0
422	37	25	0	13	1
422	112	25	0	24	0
422	180	25	0	24	0
422	6	35	0	14	0
422	168	35	0	17	1
422	22	35	0	26	1
422	109	30	0	11	0
422	25	35	0	10	0
422	4	30	0	15	0
422	7	30	0	14	0
422	76	25	0	21	1
422	98	25	0	18	0
422	61	35	0	33	1
422	11	25	0	12	0
422	173	25	0	24	1
428	152	35	0	33	1
428	168	35	0	17	0
428	160	35	0	34	1
428	48	25	0	17	1
428	30	25	0	21	0
428	126	30	0	20	0
428	130	30	0	29	1
428	180	25	0	24	1
428	61	35	0	33	1
428	37	25	0	13	0
428	5	25	0	19	0
428	7	30	0	14	0
428	159	35	0	25	1
428	47	35	0	34	0
428	25	35	0	10	0
428	106	30	0	18	0
428	110	35	0	34	1
428	14	25	0	16	0
428	44	30	0	27	1
428	109	30	0	11	0
428	113	30	0	28	0
428	173	25	0	24	1
428	87	30	0	29	0
428	12	35	0	12	0
428	3	30	0	23	0
428	16	30	0	15	0
428	2	25	0	19	0
428	1	25	0	20	0
428	76	25	0	21	0
428	119	35	0	16	0
428	6	35	0	14	0
428	22	35	0	26	0
428	136	25	0	22	0
428	43	35	0	13	0
428	98	25	0	18	1
428	15	30	0	26	0
428	145	25	0	23	1
428	158	25	0	20	0
428	4	30	0	15	0
428	41	35	0	30	1
428	35	35	0	11	0
428	8	30	0	25	0
428	58	25	0	13	0
428	170	30	0	29	0
428	99	35	0	10	0
428	45	30	0	28	1
428	112	25	0	24	1
428	81	35	0	31	0
428	111	30	0	27	0
428	9	30	0	22	0
428	11	25	0	12	0
435	58	25	0	13	0
435	43	35	0	13	0
435	99	35	0	10	0
435	14	25	0	16	0
435	110	35	0	34	0
435	152	35	0	33	0
435	30	25	0	21	0
435	130	30	0	29	1
435	4	30	0	15	0
435	170	30	0	29	0
435	47	35	0	34	1
435	16	30	0	15	0
435	168	35	0	17	0
435	2	25	0	19	0
435	3	30	0	23	0
435	126	30	0	20	0
435	76	25	0	21	1
435	112	25	0	24	0
435	111	30	0	27	1
435	15	30	0	26	1
435	145	25	0	23	1
435	44	30	0	27	1
435	119	35	0	16	0
435	87	30	0	29	1
435	7	30	0	14	0
435	109	30	0	11	0
435	9	30	0	22	0
435	37	25	0	13	0
435	35	35	0	11	0
435	5	25	0	19	0
435	45	30	0	28	0
435	106	30	0	18	0
435	173	25	0	24	1
435	81	35	0	31	1
435	159	35	0	25	0
435	160	35	0	34	0
435	136	25	0	22	1
435	113	30	0	28	1
435	6	35	0	14	0
435	98	25	0	18	0
435	158	25	0	20	1
435	180	25	0	24	0
435	8	30	0	25	0
435	11	25	0	12	0
435	22	35	0	26	0
435	41	35	0	30	0
435	25	35	0	10	0
435	1	25	0	20	0
435	61	35	0	33	1
435	48	25	0	17	0
435	12	35	0	12	0
439	145	25	0	23	0
439	106	30	0	18	1
439	99	35	0	10	0
439	12	35	0	12	0
439	22	35	0	26	1
439	76	25	0	21	0
439	152	35	0	33	1
439	158	25	0	20	0
439	126	30	0	20	1
439	111	30	0	27	0
439	113	30	0	28	1
439	37	25	0	13	0
439	9	30	0	22	0
439	16	30	0	15	0
439	110	35	0	34	0
439	87	30	0	29	0
439	160	35	0	34	0
439	81	35	0	31	1
439	109	30	0	11	1
439	180	25	0	24	1
439	112	25	0	24	0
439	45	30	0	28	0
439	30	25	0	21	1
439	119	35	0	16	0
439	173	25	0	24	1
439	5	25	0	19	0
439	35	35	0	11	0
439	25	35	0	10	0
439	6	35	0	14	0
439	15	30	0	26	0
439	48	25	0	17	0
439	136	25	0	22	1
439	7	30	0	14	0
439	1	25	0	20	0
439	130	30	0	29	0
439	3	30	0	23	0
439	98	25	0	18	0
439	159	35	0	25	0
439	41	35	0	30	0
439	61	35	0	33	0
439	2	25	0	19	0
439	4	30	0	15	0
439	58	25	0	13	1
439	14	25	0	16	0
439	47	35	0	34	1
439	168	35	0	17	0
439	11	25	0	12	0
439	44	30	0	27	1
439	170	30	0	29	1
439	8	30	0	25	0
439	43	35	0	13	0
446	1	25	0	20	1
446	47	35	0	34	0
446	110	35	0	34	1
446	30	25	0	21	1
446	173	25	0	24	1
446	160	35	0	34	1
446	58	25	0	13	1
446	119	35	0	16	1
446	35	35	0	11	0
446	37	25	0	13	1
446	6	35	0	14	0
446	5	25	0	19	0
446	43	35	0	13	1
446	44	30	0	27	1
446	126	30	0	20	0
446	7	30	0	14	0
446	41	35	0	30	0
446	159	35	0	25	1
446	3	30	0	23	0
446	109	30	0	11	0
446	158	25	0	20	1
446	113	30	0	28	1
446	112	25	0	24	0
446	61	35	0	33	1
446	48	25	0	17	0
446	98	25	0	18	0
446	8	30	0	25	0
446	99	35	0	10	0
446	170	30	0	29	1
446	106	30	0	18	0
446	87	30	0	29	0
446	81	35	0	31	0
446	168	35	0	17	1
446	22	35	0	26	1
446	2	25	0	19	0
446	16	30	0	15	0
446	9	30	0	22	0
446	136	25	0	22	0
446	11	25	0	12	0
446	12	35	0	12	0
446	14	25	0	16	0
446	25	35	0	10	1
446	130	30	0	29	0
446	152	35	0	33	0
446	180	25	0	24	0
446	111	30	0	27	0
446	76	25	0	21	1
446	45	30	0	28	1
446	145	25	0	23	0
446	15	30	0	26	0
446	4	30	0	15	0
453	8	30	0	25	0
453	110	35	0	34	0
453	44	30	0	27	1
453	5	25	0	19	0
453	81	35	0	31	0
453	160	35	0	34	0
453	130	30	0	29	0
453	43	35	0	13	0
453	16	30	0	15	0
453	22	35	0	26	0
453	99	35	0	10	0
453	145	25	0	23	1
453	37	25	0	13	0
453	47	35	0	34	0
453	58	25	0	13	0
453	12	35	0	12	0
453	41	35	0	30	1
453	159	35	0	25	1
453	136	25	0	22	0
453	3	30	0	23	0
453	1	25	0	20	0
453	9	30	0	22	0
453	126	30	0	20	0
453	7	30	0	14	0
453	11	25	0	12	0
453	45	30	0	28	1
453	48	25	0	17	0
453	111	30	0	27	0
453	30	25	0	21	0
453	15	30	0	26	0
453	76	25	0	21	0
453	158	25	0	20	0
453	98	25	0	18	1
453	35	35	0	11	0
453	119	35	0	16	0
453	25	35	0	10	0
453	112	25	0	24	0
453	2	25	0	19	0
453	106	30	0	18	0
453	113	30	0	28	1
453	4	30	0	15	0
453	170	30	0	29	1
453	87	30	0	29	1
453	152	35	0	33	1
453	6	35	0	14	0
453	61	35	0	33	1
453	109	30	0	11	0
453	180	25	0	24	1
453	14	25	0	16	0
453	168	35	0	17	0
453	173	25	0	24	0
4724	35	35	0	11	0
4724	160	35	0	34	0
4724	159	35	0	25	1
4724	109	30	0	11	1
4724	111	30	0	27	1
4724	61	35	0	33	1
4724	4	30	0	15	0
4724	58	25	0	13	0
4724	44	30	0	27	0
4724	11	25	0	12	0
4724	14	25	0	16	0
4724	81	35	0	31	0
4724	180	25	0	24	0
4724	152	35	0	33	0
4724	168	35	0	17	1
4724	1	25	0	20	0
4724	110	35	0	34	1
4724	5	25	0	19	0
4724	76	25	0	21	0
4724	126	30	0	20	0
4724	12	35	0	12	0
4724	173	25	0	24	0
4724	99	35	0	10	1
4724	7	30	0	14	0
4724	136	25	0	22	1
4724	30	25	0	21	0
4724	15	30	0	26	0
4724	48	25	0	17	1
4724	22	35	0	26	0
4724	130	30	0	29	1
4724	98	25	0	18	0
4724	170	30	0	29	1
4724	43	35	0	13	0
4724	47	35	0	34	0
4724	45	30	0	28	0
4724	145	25	0	23	1
4724	2	25	0	19	0
4724	6	35	0	14	0
4724	113	30	0	28	1
4724	8	30	0	25	0
4724	41	35	0	30	1
4724	112	25	0	24	0
4724	87	30	0	29	0
4724	119	35	0	16	0
4724	9	30	0	22	0
4724	106	30	0	18	1
4724	25	35	0	10	0
4724	16	30	0	15	0
4724	158	25	0	20	0
4724	37	25	0	13	0
4724	3	30	0	23	0
4736	1	25	0	20	0
4736	99	35	0	10	0
4736	145	25	0	23	1
4736	113	30	0	28	0
4736	152	35	0	33	0
4736	11	25	0	12	0
4736	12	35	0	12	0
4736	7	30	0	14	0
4736	5	25	0	19	1
4736	37	25	0	13	0
4736	2	25	0	19	1
4736	41	35	0	30	1
4736	87	30	0	29	1
4736	6	35	0	14	0
4736	58	25	0	13	1
4736	158	25	0	20	0
4736	130	30	0	29	1
4736	160	35	0	34	0
4736	112	25	0	24	1
4736	109	30	0	11	0
4736	35	35	0	11	0
4736	22	35	0	26	0
4736	76	25	0	21	1
4736	111	30	0	27	1
4736	9	30	0	22	0
4736	168	35	0	17	0
4736	16	30	0	15	1
4736	173	25	0	24	1
4736	110	35	0	34	1
4736	8	30	0	25	1
4736	3	30	0	23	0
4736	14	25	0	16	0
4736	15	30	0	26	0
4736	48	25	0	17	0
4736	61	35	0	33	0
4736	119	35	0	16	0
4736	44	30	0	27	0
4736	106	30	0	18	1
4736	4	30	0	15	0
4736	30	25	0	21	1
4736	98	25	0	18	1
4736	25	35	0	10	0
4736	126	30	0	20	0
4736	45	30	0	28	0
4736	81	35	0	31	1
4736	47	35	0	34	1
4736	180	25	0	24	0
4736	170	30	0	29	1
4736	43	35	0	13	0
4736	136	25	0	22	1
4736	159	35	0	25	0
477	4	30	0	15	0
477	12	35	0	12	0
477	37	25	0	13	0
477	158	25	0	20	1
477	14	25	0	16	0
477	7	30	0	14	1
477	16	30	0	15	0
477	109	30	0	11	1
477	11	25	0	12	0
477	152	35	0	33	1
477	58	25	0	13	0
477	2	25	0	19	0
477	110	35	0	34	0
477	99	35	0	10	0
477	112	25	0	24	1
477	44	30	0	27	0
477	3	30	0	23	1
477	61	35	0	33	0
477	81	35	0	31	0
477	47	35	0	34	1
477	15	30	0	26	1
477	111	30	0	27	1
477	180	25	0	24	1
477	5	25	0	19	0
477	173	25	0	24	0
477	145	25	0	23	1
477	43	35	0	13	0
477	136	25	0	22	0
477	30	25	0	21	1
477	6	35	0	14	0
477	45	30	0	28	0
477	119	35	0	16	1
477	168	35	0	17	1
477	41	35	0	30	0
477	8	30	0	25	0
477	9	30	0	22	0
477	170	30	0	29	0
477	106	30	0	18	1
477	22	35	0	26	0
477	76	25	0	21	1
477	160	35	0	34	1
477	25	35	0	10	1
477	98	25	0	18	1
477	35	35	0	11	0
477	87	30	0	29	1
477	48	25	0	17	0
477	1	25	0	20	0
477	113	30	0	28	1
477	130	30	0	29	0
477	159	35	0	25	0
477	126	30	0	20	0
4788	81	35	0	31	1
4788	2	25	0	19	0
4788	126	30	0	20	0
4788	1	25	0	20	0
4788	180	25	0	24	1
4788	136	25	0	22	1
4788	47	35	0	34	0
4788	119	35	0	16	0
4788	16	30	0	15	0
4788	15	30	0	26	0
4788	112	25	0	24	0
4788	7	30	0	14	0
4788	145	25	0	23	0
4788	87	30	0	29	0
4788	76	25	0	21	0
4788	3	30	0	23	0
4788	25	35	0	10	0
4788	111	30	0	27	0
4788	14	25	0	16	0
4788	9	30	0	22	0
4788	110	35	0	34	0
4788	160	35	0	34	1
4788	152	35	0	33	1
4788	11	25	0	12	0
4788	170	30	0	29	0
4788	173	25	0	24	0
4788	61	35	0	33	1
4788	6	35	0	14	0
4788	168	35	0	17	0
4788	4	30	0	15	0
4788	159	35	0	25	0
4788	44	30	0	27	0
4788	158	25	0	20	0
4788	109	30	0	11	0
4788	98	25	0	18	0
4788	58	25	0	13	0
4788	130	30	0	29	0
4788	8	30	0	25	0
4788	43	35	0	13	0
4788	41	35	0	30	0
4788	5	25	0	19	0
4788	99	35	0	10	0
4788	35	35	0	11	0
4788	22	35	0	26	0
4788	12	35	0	12	0
4788	37	25	0	13	0
4788	48	25	0	17	0
4788	113	30	0	28	0
4788	106	30	0	18	0
4788	30	25	0	21	0
4788	45	30	0	28	0
4797	2	25	0	19	0
4797	170	30	0	29	0
4797	98	25	0	18	0
4797	112	25	0	24	0
4797	47	35	0	34	0
4797	111	30	0	27	0
4797	145	25	0	23	1
4797	106	30	0	18	0
4797	43	35	0	13	0
4797	1	25	0	20	0
4797	158	25	0	20	0
4797	35	35	0	11	0
4797	45	30	0	28	0
4797	16	30	0	15	0
4797	22	35	0	26	1
4797	8	30	0	25	0
4797	44	30	0	27	0
4797	159	35	0	25	1
4797	15	30	0	26	0
4797	130	30	0	29	1
4797	14	25	0	16	0
4797	113	30	0	28	0
4797	160	35	0	34	1
4797	81	35	0	31	0
4797	136	25	0	22	0
4797	9	30	0	22	0
4797	6	35	0	14	0
4797	109	30	0	11	0
4797	48	25	0	17	0
4797	119	35	0	16	1
4797	180	25	0	24	1
4797	41	35	0	30	0
4797	58	25	0	13	0
4797	61	35	0	33	0
4797	3	30	0	23	0
4797	99	35	0	10	0
4797	7	30	0	14	0
4797	37	25	0	13	0
4797	152	35	0	33	1
4797	126	30	0	20	0
4797	4	30	0	15	0
4797	110	35	0	34	1
4797	76	25	0	21	0
4797	25	35	0	10	0
4797	168	35	0	17	0
4797	87	30	0	29	1
4797	11	25	0	12	0
4797	173	25	0	24	1
4797	5	25	0	19	0
4797	12	35	0	12	0
4797	30	25	0	21	1
4800	43	35	0	13	0
4800	112	25	0	24	1
4800	3	30	0	23	0
4800	16	30	0	15	0
4800	7	30	0	14	0
4800	160	35	0	34	1
4800	110	35	0	34	1
4800	48	25	0	17	0
4800	9	30	0	22	0
4800	81	35	0	31	1
4800	173	25	0	24	0
4800	170	30	0	29	1
4800	126	30	0	20	0
4800	130	30	0	29	1
4800	25	35	0	10	0
4800	58	25	0	13	0
4800	180	25	0	24	0
4800	5	25	0	19	0
4800	14	25	0	16	0
4800	87	30	0	29	1
4800	98	25	0	18	0
4800	145	25	0	23	0
4800	30	25	0	21	0
4800	8	30	0	25	0
4800	111	30	0	27	1
4800	113	30	0	28	1
4800	152	35	0	33	1
4800	2	25	0	19	0
4800	35	35	0	11	0
4800	45	30	0	28	1
4800	15	30	0	26	0
4800	109	30	0	11	0
4800	6	35	0	14	0
4800	4	30	0	15	0
4800	106	30	0	18	0
4800	22	35	0	26	0
4800	12	35	0	12	0
4800	11	25	0	12	0
4800	99	35	0	10	0
4800	1	25	0	20	0
4800	136	25	0	22	1
4800	119	35	0	16	0
4800	44	30	0	27	0
4800	158	25	0	20	1
4800	168	35	0	17	0
4800	61	35	0	33	1
4800	37	25	0	13	0
4800	41	35	0	30	1
4800	76	25	0	21	0
4800	159	35	0	25	0
4800	47	35	0	34	0
4803	43	35	0	13	0
4803	99	35	0	10	0
4803	170	30	0	29	1
4803	41	35	0	30	1
4803	58	25	0	13	0
4803	5	25	0	19	0
4803	1	25	0	20	0
4803	168	35	0	17	0
4803	136	25	0	22	1
4803	126	30	0	20	0
4803	106	30	0	18	0
4803	7	30	0	14	0
4803	44	30	0	27	0
4803	16	30	0	15	0
4803	45	30	0	28	0
4803	37	25	0	13	0
4803	87	30	0	29	1
4803	14	25	0	16	0
4803	113	30	0	28	0
4803	61	35	0	33	0
4803	173	25	0	24	0
4803	12	35	0	12	0
4803	3	30	0	23	0
4803	109	30	0	11	0
4803	152	35	0	33	0
4803	47	35	0	34	0
4803	160	35	0	34	0
4803	25	35	0	10	0
4803	180	25	0	24	1
4803	15	30	0	26	0
4803	98	25	0	18	0
4803	119	35	0	16	0
4803	130	30	0	29	0
4803	111	30	0	27	1
4803	112	25	0	24	1
4803	22	35	0	26	0
4803	76	25	0	21	1
4803	30	25	0	21	0
4803	158	25	0	20	0
4803	48	25	0	17	0
4803	8	30	0	25	0
4803	81	35	0	31	0
4803	9	30	0	22	0
4803	145	25	0	23	1
4803	110	35	0	34	1
4803	2	25	0	19	0
4803	11	25	0	12	0
4803	4	30	0	15	0
4803	6	35	0	14	0
4803	159	35	0	25	0
4803	35	35	0	11	0
4811	4	30	0	15	0
4811	25	35	0	10	0
4811	41	35	0	30	1
4811	48	25	0	17	1
4811	11	25	0	12	0
4811	16	30	0	15	0
4811	81	35	0	31	0
4811	47	35	0	34	1
4811	110	35	0	34	1
4811	43	35	0	13	0
4811	7	30	0	14	0
4811	168	35	0	17	1
4811	58	25	0	13	0
4811	6	35	0	14	0
4811	1	25	0	20	0
4811	111	30	0	27	1
4811	5	25	0	19	0
4811	2	25	0	19	0
4811	119	35	0	16	0
4811	173	25	0	24	1
4811	8	30	0	25	0
4811	113	30	0	28	0
4811	44	30	0	27	1
4811	12	35	0	12	0
4811	35	35	0	11	0
4811	37	25	0	13	0
4811	136	25	0	22	0
4811	98	25	0	18	1
4811	61	35	0	33	1
4811	15	30	0	26	0
4811	112	25	0	24	1
4811	76	25	0	21	0
4811	159	35	0	25	1
4811	180	25	0	24	1
4811	130	30	0	29	1
4811	170	30	0	29	0
4811	87	30	0	29	1
4811	22	35	0	26	1
4811	99	35	0	10	0
4811	14	25	0	16	0
4811	45	30	0	28	0
4811	152	35	0	33	0
4811	160	35	0	34	1
4811	145	25	0	23	0
4811	3	30	0	23	0
4811	9	30	0	22	0
4811	106	30	0	18	0
4811	30	25	0	21	0
4811	158	25	0	20	1
4811	126	30	0	20	0
4811	109	30	0	11	0
481	98	25	0	18	1
481	35	35	0	11	0
481	136	25	0	22	1
481	180	25	0	24	0
481	2	25	0	19	1
481	109	30	0	11	0
481	160	35	0	34	1
481	4	30	0	15	0
481	158	25	0	20	1
481	111	30	0	27	0
481	41	35	0	30	0
481	47	35	0	34	1
481	14	25	0	16	0
481	119	35	0	16	0
481	1	25	0	20	0
481	110	35	0	34	0
481	168	35	0	17	0
481	99	35	0	10	0
481	87	30	0	29	1
481	30	25	0	21	0
481	43	35	0	13	0
481	106	30	0	18	1
481	58	25	0	13	0
481	48	25	0	17	0
481	9	30	0	22	0
481	112	25	0	24	1
481	11	25	0	12	0
481	76	25	0	21	0
481	173	25	0	24	0
481	25	35	0	10	0
481	16	30	0	15	0
481	37	25	0	13	0
481	130	30	0	29	1
481	12	35	0	12	0
481	6	35	0	14	0
481	113	30	0	28	1
481	3	30	0	23	0
481	81	35	0	31	1
481	8	30	0	25	0
481	61	35	0	33	0
481	15	30	0	26	0
481	5	25	0	19	0
481	44	30	0	27	1
481	45	30	0	28	0
481	145	25	0	23	1
481	7	30	0	14	0
481	170	30	0	29	1
481	126	30	0	20	0
481	22	35	0	26	0
481	159	35	0	25	1
481	152	35	0	33	0
488	48	25	0	17	0
488	119	35	0	16	0
488	130	30	0	29	0
488	35	35	0	11	0
488	145	25	0	23	1
488	9	30	0	22	1
488	12	35	0	12	1
488	87	30	0	29	1
488	110	35	0	34	0
488	152	35	0	33	0
488	109	30	0	11	0
488	126	30	0	20	1
488	2	25	0	19	0
488	136	25	0	22	0
488	168	35	0	17	0
488	180	25	0	24	0
488	61	35	0	33	1
488	1	25	0	20	0
488	16	30	0	15	0
488	41	35	0	30	1
488	158	25	0	20	1
488	22	35	0	26	1
488	8	30	0	25	0
488	76	25	0	21	1
488	81	35	0	31	0
488	6	35	0	14	0
488	113	30	0	28	1
488	25	35	0	10	0
488	99	35	0	10	0
488	47	35	0	34	0
488	7	30	0	14	0
488	44	30	0	27	1
488	159	35	0	25	1
488	98	25	0	18	1
488	173	25	0	24	0
488	45	30	0	28	0
488	11	25	0	12	1
488	43	35	0	13	1
488	160	35	0	34	1
488	37	25	0	13	1
488	112	25	0	24	0
488	5	25	0	19	0
488	170	30	0	29	0
488	4	30	0	15	0
488	3	30	0	23	0
488	111	30	0	27	0
488	30	25	0	21	1
488	106	30	0	18	0
488	15	30	0	26	1
488	58	25	0	13	1
488	14	25	0	16	1
503	130	30	0	29	1
503	8	30	0	25	0
503	126	30	0	20	0
503	136	25	0	22	1
503	12	35	0	12	0
503	112	25	0	24	0
503	14	25	0	16	0
503	152	35	0	33	1
503	15	30	0	26	0
503	25	35	0	10	0
503	98	25	0	18	0
503	110	35	0	34	1
503	180	25	0	24	0
503	76	25	0	21	0
503	9	30	0	22	0
503	81	35	0	31	0
503	7	30	0	14	0
503	160	35	0	34	0
503	173	25	0	24	1
503	119	35	0	16	0
503	158	25	0	20	0
503	1	25	0	20	0
503	22	35	0	26	0
503	170	30	0	29	1
503	106	30	0	18	0
503	61	35	0	33	1
503	111	30	0	27	0
503	3	30	0	23	0
503	87	30	0	29	1
503	35	35	0	11	0
503	6	35	0	14	0
503	30	25	0	21	0
503	168	35	0	17	0
503	11	25	0	12	0
503	2	25	0	19	0
503	44	30	0	27	1
503	99	35	0	10	0
503	109	30	0	11	0
503	45	30	0	28	1
503	37	25	0	13	0
503	159	35	0	25	0
503	145	25	0	23	1
503	48	25	0	17	1
503	4	30	0	15	0
503	16	30	0	15	0
503	43	35	0	13	0
503	58	25	0	13	1
503	5	25	0	19	0
503	41	35	0	30	1
503	113	30	0	28	1
503	47	35	0	34	1
514	37	25	0	13	0
514	4	30	0	15	0
514	160	35	0	34	0
514	112	25	0	24	0
514	168	35	0	17	0
514	58	25	0	13	0
514	6	35	0	14	0
514	98	25	0	18	0
514	14	25	0	16	0
514	45	30	0	28	1
514	43	35	0	13	0
514	3	30	0	23	0
514	16	30	0	15	0
514	30	25	0	21	1
514	47	35	0	34	1
514	35	35	0	11	0
514	41	35	0	30	0
514	81	35	0	31	1
514	126	30	0	20	0
514	145	25	0	23	1
514	8	30	0	25	0
514	61	35	0	33	1
514	48	25	0	17	1
514	110	35	0	34	1
514	109	30	0	11	0
514	7	30	0	14	0
514	130	30	0	29	0
514	1	25	0	20	0
514	25	35	0	10	0
514	5	25	0	19	0
514	136	25	0	22	1
514	2	25	0	19	0
514	106	30	0	18	0
514	44	30	0	27	0
514	11	25	0	12	0
514	76	25	0	21	1
514	9	30	0	22	0
514	152	35	0	33	1
514	158	25	0	20	0
514	113	30	0	28	0
514	180	25	0	24	1
514	170	30	0	29	0
514	22	35	0	26	0
514	119	35	0	16	1
514	159	35	0	25	1
514	12	35	0	12	0
514	99	35	0	10	1
514	15	30	0	26	1
514	173	25	0	24	1
514	87	30	0	29	0
514	111	30	0	27	0
523	81	35	0	31	1
523	106	30	0	18	0
523	109	30	0	11	0
523	168	35	0	17	1
523	159	35	0	25	0
523	48	25	0	17	0
523	99	35	0	10	0
523	4	30	0	15	0
523	98	25	0	18	1
523	180	25	0	24	1
523	110	35	0	34	0
523	7	30	0	14	0
523	119	35	0	16	0
523	47	35	0	34	0
523	45	30	0	28	0
523	30	25	0	21	0
523	44	30	0	27	0
523	5	25	0	19	0
523	61	35	0	33	0
523	158	25	0	20	1
523	9	30	0	22	0
523	76	25	0	21	0
523	126	30	0	20	1
523	25	35	0	10	0
523	35	35	0	11	0
523	58	25	0	13	0
523	15	30	0	26	0
523	6	35	0	14	0
523	145	25	0	23	1
523	112	25	0	24	0
523	113	30	0	28	0
523	37	25	0	13	0
523	1	25	0	20	0
523	14	25	0	16	0
523	12	35	0	12	0
523	41	35	0	30	0
523	8	30	0	25	0
523	2	25	0	19	0
523	170	30	0	29	0
523	111	30	0	27	0
523	22	35	0	26	0
523	173	25	0	24	1
523	136	25	0	22	1
523	152	35	0	33	1
523	3	30	0	23	0
523	43	35	0	13	0
523	160	35	0	34	1
523	130	30	0	29	1
523	87	30	0	29	1
523	16	30	0	15	0
523	11	25	0	12	0
525	168	35	0	17	0
525	126	30	0	20	0
525	1	25	0	20	0
525	35	35	0	11	0
525	99	35	0	10	0
525	111	30	0	27	0
525	43	35	0	13	1
525	15	30	0	26	0
525	11	25	0	12	0
525	180	25	0	24	0
525	170	30	0	29	1
525	136	25	0	22	1
525	106	30	0	18	0
525	130	30	0	29	0
525	81	35	0	31	0
525	12	35	0	12	1
525	98	25	0	18	0
525	4	30	0	15	0
525	16	30	0	15	0
525	5	25	0	19	0
525	152	35	0	33	0
525	112	25	0	24	0
525	158	25	0	20	0
525	110	35	0	34	1
525	159	35	0	25	1
525	173	25	0	24	1
525	160	35	0	34	0
525	44	30	0	27	0
525	76	25	0	21	0
525	47	35	0	34	0
525	6	35	0	14	1
525	3	30	0	23	0
525	87	30	0	29	0
525	25	35	0	10	0
525	145	25	0	23	0
525	58	25	0	13	0
525	119	35	0	16	0
525	9	30	0	22	0
525	22	35	0	26	0
525	48	25	0	17	1
525	14	25	0	16	0
525	113	30	0	28	0
525	2	25	0	19	1
525	45	30	0	28	1
525	41	35	0	30	0
525	7	30	0	14	0
525	61	35	0	33	1
525	8	30	0	25	0
525	109	30	0	11	0
525	37	25	0	13	1
525	30	25	0	21	0
542	76	25	0	21	0
542	111	30	0	27	0
542	98	25	0	18	0
542	159	35	0	25	0
542	45	30	0	28	0
542	37	25	0	13	0
542	41	35	0	30	0
542	99	35	0	10	1
542	61	35	0	33	1
542	158	25	0	20	1
542	3	30	0	23	1
542	16	30	0	15	0
542	136	25	0	22	1
542	112	25	0	24	1
542	2	25	0	19	0
542	14	25	0	16	0
542	35	35	0	11	0
542	25	35	0	10	0
542	160	35	0	34	0
542	170	30	0	29	0
542	48	25	0	17	1
542	22	35	0	26	1
542	109	30	0	11	1
542	126	30	0	20	1
542	87	30	0	29	0
542	44	30	0	27	0
542	130	30	0	29	1
542	152	35	0	33	0
542	30	25	0	21	1
542	8	30	0	25	0
542	1	25	0	20	0
542	7	30	0	14	0
542	43	35	0	13	0
542	168	35	0	17	1
542	12	35	0	12	0
542	4	30	0	15	0
542	15	30	0	26	1
542	173	25	0	24	0
542	58	25	0	13	1
542	6	35	0	14	0
542	11	25	0	12	0
542	145	25	0	23	0
542	180	25	0	24	1
542	9	30	0	22	0
542	113	30	0	28	1
542	81	35	0	31	0
542	106	30	0	18	1
542	110	35	0	34	0
542	5	25	0	19	0
542	47	35	0	34	0
542	119	35	0	16	1
565	119	35	0	16	0
565	81	35	0	31	0
565	170	30	0	29	0
565	44	30	0	27	0
565	35	35	0	11	0
565	76	25	0	21	0
565	173	25	0	24	0
565	152	35	0	33	0
565	48	25	0	17	0
565	2	25	0	19	0
565	180	25	0	24	0
565	5	25	0	19	0
565	11	25	0	12	0
565	47	35	0	34	0
565	1	25	0	20	0
565	45	30	0	28	0
565	126	30	0	20	0
565	43	35	0	13	0
565	7	30	0	14	0
565	30	25	0	21	0
565	136	25	0	22	0
565	87	30	0	29	0
565	22	35	0	26	0
565	6	35	0	14	0
565	3	30	0	23	0
565	37	25	0	13	0
565	61	35	0	33	0
565	113	30	0	28	0
565	110	35	0	34	0
565	9	30	0	22	0
565	12	35	0	12	0
565	168	35	0	17	0
565	58	25	0	13	0
565	109	30	0	11	0
565	14	25	0	16	0
565	15	30	0	26	0
565	106	30	0	18	0
565	111	30	0	27	0
565	8	30	0	25	0
565	98	25	0	18	0
565	158	25	0	20	0
565	145	25	0	23	0
565	4	30	0	15	0
565	25	35	0	10	0
565	16	30	0	15	0
565	41	35	0	30	0
565	130	30	0	29	0
565	99	35	0	10	0
565	160	35	0	34	0
565	159	35	0	25	0
565	112	25	0	24	0
571	9	30	0	22	0
571	145	25	0	23	1
571	41	35	0	30	0
571	48	25	0	17	0
571	25	35	0	10	0
571	160	35	0	34	0
571	58	25	0	13	0
571	43	35	0	13	0
571	136	25	0	22	0
571	106	30	0	18	0
571	37	25	0	13	0
571	16	30	0	15	0
571	98	25	0	18	0
571	14	25	0	16	0
571	7	30	0	14	0
571	3	30	0	23	0
571	152	35	0	33	0
571	87	30	0	29	0
571	168	35	0	17	0
571	45	30	0	28	0
571	112	25	0	24	1
571	4	30	0	15	0
571	2	25	0	19	0
571	126	30	0	20	0
571	119	35	0	16	0
571	159	35	0	25	0
571	110	35	0	34	0
571	130	30	0	29	0
571	47	35	0	34	0
571	173	25	0	24	1
571	6	35	0	14	0
571	111	30	0	27	0
571	15	30	0	26	0
571	76	25	0	21	0
571	22	35	0	26	0
571	8	30	0	25	0
571	81	35	0	31	0
571	158	25	0	20	0
571	1	25	0	20	0
571	5	25	0	19	0
571	113	30	0	28	0
571	99	35	0	10	0
571	30	25	0	21	0
571	44	30	0	27	0
571	35	35	0	11	0
571	12	35	0	12	0
571	180	25	0	24	1
571	61	35	0	33	0
571	11	25	0	12	0
571	109	30	0	11	0
571	170	30	0	29	1
578	2	25	0	19	0
578	30	25	0	21	0
578	9	30	0	22	0
578	168	35	0	17	0
578	8	30	0	25	0
578	130	30	0	29	0
578	61	35	0	33	0
578	47	35	0	34	1
578	180	25	0	24	1
578	136	25	0	22	0
578	43	35	0	13	0
578	173	25	0	24	1
578	99	35	0	10	0
578	87	30	0	29	0
578	22	35	0	26	0
578	119	35	0	16	0
578	5	25	0	19	0
578	126	30	0	20	0
578	81	35	0	31	0
578	113	30	0	28	1
578	48	25	0	17	0
578	12	35	0	12	0
578	152	35	0	33	1
578	158	25	0	20	0
578	11	25	0	12	0
578	76	25	0	21	0
578	3	30	0	23	0
578	14	25	0	16	0
578	45	30	0	28	0
578	6	35	0	14	0
578	160	35	0	34	1
578	111	30	0	27	1
578	4	30	0	15	0
578	15	30	0	26	1
578	98	25	0	18	0
578	170	30	0	29	1
578	1	25	0	20	0
578	7	30	0	14	0
578	112	25	0	24	1
578	25	35	0	10	0
578	44	30	0	27	0
578	35	35	0	11	0
578	109	30	0	11	0
578	41	35	0	30	0
578	37	25	0	13	0
578	145	25	0	23	0
578	16	30	0	15	0
578	106	30	0	18	0
578	58	25	0	13	0
578	159	35	0	25	0
578	110	35	0	34	0
582	30	25	0	21	0
582	41	35	0	30	0
582	106	30	0	18	0
582	9	30	0	22	0
582	4	30	0	15	0
582	136	25	0	22	0
582	37	25	0	13	0
582	112	25	0	24	1
582	25	35	0	10	0
582	159	35	0	25	1
582	35	35	0	11	0
582	8	30	0	25	0
582	99	35	0	10	0
582	152	35	0	33	0
582	47	35	0	34	1
582	45	30	0	28	0
582	3	30	0	23	0
582	168	35	0	17	0
582	109	30	0	11	0
582	15	30	0	26	0
582	5	25	0	19	0
582	81	35	0	31	1
582	130	30	0	29	0
582	180	25	0	24	0
582	7	30	0	14	0
582	12	35	0	12	0
582	43	35	0	13	0
582	98	25	0	18	0
582	6	35	0	14	0
582	76	25	0	21	1
582	158	25	0	20	1
582	61	35	0	33	1
582	48	25	0	17	0
582	2	25	0	19	0
582	16	30	0	15	0
582	119	35	0	16	0
582	58	25	0	13	0
582	126	30	0	20	0
582	87	30	0	29	1
582	22	35	0	26	0
582	1	25	0	20	0
582	11	25	0	12	0
582	145	25	0	23	0
582	173	25	0	24	1
582	14	25	0	16	0
582	111	30	0	27	1
582	113	30	0	28	1
582	110	35	0	34	0
582	160	35	0	34	1
582	170	30	0	29	1
582	44	30	0	27	0
584	4	30	0	15	0
584	48	25	0	17	1
584	41	35	0	30	0
584	136	25	0	22	0
584	145	25	0	23	0
584	180	25	0	24	0
584	152	35	0	33	0
584	61	35	0	33	1
584	45	30	0	28	0
584	110	35	0	34	1
584	119	35	0	16	0
584	22	35	0	26	0
584	99	35	0	10	0
584	2	25	0	19	0
584	170	30	0	29	0
584	14	25	0	16	0
584	160	35	0	34	0
584	173	25	0	24	0
584	109	30	0	11	0
584	3	30	0	23	0
584	58	25	0	13	0
584	81	35	0	31	0
584	9	30	0	22	0
584	6	35	0	14	0
584	106	30	0	18	0
584	111	30	0	27	1
584	113	30	0	28	1
584	44	30	0	27	0
584	130	30	0	29	0
584	25	35	0	10	0
584	16	30	0	15	0
584	30	25	0	21	0
584	87	30	0	29	0
584	8	30	0	25	0
584	12	35	0	12	0
584	126	30	0	20	0
584	43	35	0	13	0
584	15	30	0	26	0
584	1	25	0	20	0
584	11	25	0	12	0
584	98	25	0	18	0
584	168	35	0	17	1
584	112	25	0	24	0
584	47	35	0	34	0
584	7	30	0	14	0
584	158	25	0	20	1
584	159	35	0	25	0
584	76	25	0	21	0
584	35	35	0	11	0
584	37	25	0	13	0
584	5	25	0	19	0
589	6	35	0	14	1
589	58	25	0	13	1
589	43	35	0	13	0
589	180	25	0	24	0
589	11	25	0	12	1
589	87	30	0	29	1
589	170	30	0	29	1
589	168	35	0	17	1
589	110	35	0	34	1
589	106	30	0	18	1
589	45	30	0	28	0
589	12	35	0	12	0
589	8	30	0	25	1
589	47	35	0	34	1
589	126	30	0	20	1
589	7	30	0	14	0
589	119	35	0	16	1
589	9	30	0	22	1
589	98	25	0	18	0
589	111	30	0	27	0
589	61	35	0	33	1
589	44	30	0	27	0
589	48	25	0	17	0
589	25	35	0	10	0
589	152	35	0	33	0
589	81	35	0	31	0
589	173	25	0	24	1
589	3	30	0	23	0
589	35	35	0	11	0
589	14	25	0	16	0
589	145	25	0	23	1
589	5	25	0	19	1
589	16	30	0	15	1
589	130	30	0	29	1
589	136	25	0	22	1
589	158	25	0	20	0
589	37	25	0	13	0
589	2	25	0	19	0
589	41	35	0	30	0
589	1	25	0	20	0
589	15	30	0	26	1
589	4	30	0	15	0
589	76	25	0	21	0
589	160	35	0	34	0
589	22	35	0	26	0
589	30	25	0	21	0
589	113	30	0	28	1
589	99	35	0	10	1
589	159	35	0	25	1
589	112	25	0	24	1
589	109	30	0	11	0
593	4	30	0	15	0
593	61	35	0	33	0
593	30	25	0	21	0
593	47	35	0	34	0
593	113	30	0	28	1
593	98	25	0	18	0
593	106	30	0	18	0
593	168	35	0	17	1
593	58	25	0	13	0
593	41	35	0	30	0
593	9	30	0	22	1
593	43	35	0	13	0
593	180	25	0	24	0
593	109	30	0	11	0
593	160	35	0	34	1
593	15	30	0	26	0
593	145	25	0	23	1
593	16	30	0	15	0
593	152	35	0	33	1
593	158	25	0	20	1
593	7	30	0	14	0
593	173	25	0	24	1
593	45	30	0	28	1
593	14	25	0	16	0
593	112	25	0	24	1
593	35	35	0	11	0
593	37	25	0	13	0
593	6	35	0	14	0
593	130	30	0	29	0
593	22	35	0	26	1
593	44	30	0	27	0
593	1	25	0	20	0
593	111	30	0	27	1
593	11	25	0	12	0
593	159	35	0	25	1
593	81	35	0	31	1
593	76	25	0	21	0
593	12	35	0	12	0
593	3	30	0	23	0
593	48	25	0	17	0
593	119	35	0	16	0
593	136	25	0	22	1
593	110	35	0	34	0
593	5	25	0	19	0
593	87	30	0	29	0
593	99	35	0	10	0
593	8	30	0	25	1
593	25	35	0	10	0
593	2	25	0	19	0
593	126	30	0	20	1
593	170	30	0	29	0
601	22	35	0	26	1
601	98	25	0	18	0
601	37	25	0	13	1
601	111	30	0	27	1
601	25	35	0	10	0
601	109	30	0	11	1
601	2	25	0	19	0
601	15	30	0	26	0
601	48	25	0	17	1
601	99	35	0	10	0
601	5	25	0	19	1
601	159	35	0	25	0
601	112	25	0	24	1
601	87	30	0	29	0
601	113	30	0	28	1
601	168	35	0	17	1
601	47	35	0	34	1
601	35	35	0	11	0
601	110	35	0	34	0
601	158	25	0	20	1
601	1	25	0	20	0
601	119	35	0	16	0
601	173	25	0	24	1
601	9	30	0	22	0
601	41	35	0	30	0
601	14	25	0	16	1
601	43	35	0	13	1
601	180	25	0	24	0
601	81	35	0	31	1
601	4	30	0	15	0
601	136	25	0	22	0
601	11	25	0	12	1
601	6	35	0	14	0
601	45	30	0	28	1
601	8	30	0	25	1
601	126	30	0	20	1
601	44	30	0	27	1
601	160	35	0	34	1
601	76	25	0	21	1
601	12	35	0	12	0
601	145	25	0	23	1
601	61	35	0	33	0
601	152	35	0	33	1
601	106	30	0	18	1
601	30	25	0	21	0
601	130	30	0	29	1
601	16	30	0	15	0
601	3	30	0	23	1
601	58	25	0	13	1
601	170	30	0	29	1
601	7	30	0	14	1
606	58	25	0	13	0
606	99	35	0	10	0
606	98	25	0	18	1
606	16	30	0	15	0
606	47	35	0	34	1
606	111	30	0	27	0
606	136	25	0	22	0
606	106	30	0	18	0
606	5	25	0	19	0
606	41	35	0	30	0
606	48	25	0	17	0
606	180	25	0	24	0
606	3	30	0	23	0
606	126	30	0	20	0
606	37	25	0	13	0
606	160	35	0	34	0
606	159	35	0	25	0
606	158	25	0	20	0
606	35	35	0	11	0
606	119	35	0	16	0
606	130	30	0	29	1
606	173	25	0	24	1
606	4	30	0	15	0
606	6	35	0	14	0
606	45	30	0	28	0
606	7	30	0	14	0
606	14	25	0	16	0
606	8	30	0	25	0
606	22	35	0	26	0
606	109	30	0	11	0
606	44	30	0	27	0
606	11	25	0	12	0
606	145	25	0	23	0
606	15	30	0	26	0
606	168	35	0	17	0
606	25	35	0	10	0
606	170	30	0	29	1
606	12	35	0	12	0
606	113	30	0	28	0
606	9	30	0	22	0
606	112	25	0	24	1
606	30	25	0	21	0
606	152	35	0	33	1
606	110	35	0	34	1
606	81	35	0	31	1
606	61	35	0	33	0
606	76	25	0	21	0
606	87	30	0	29	0
606	2	25	0	19	0
606	43	35	0	13	0
606	1	25	0	20	0
609	8	30	0	25	1
609	98	25	0	18	1
609	3	30	0	23	1
609	30	25	0	21	0
609	1	25	0	20	0
609	22	35	0	26	1
609	7	30	0	14	1
609	159	35	0	25	0
609	15	30	0	26	1
609	87	30	0	29	0
609	111	30	0	27	0
609	170	30	0	29	0
609	119	35	0	16	0
609	44	30	0	27	1
609	48	25	0	17	0
609	81	35	0	31	1
609	112	25	0	24	0
609	58	25	0	13	1
609	109	30	0	11	1
609	37	25	0	13	0
609	173	25	0	24	1
609	41	35	0	30	0
609	130	30	0	29	0
609	152	35	0	33	0
609	113	30	0	28	0
609	158	25	0	20	1
609	9	30	0	22	0
609	99	35	0	10	1
609	76	25	0	21	0
609	145	25	0	23	1
609	2	25	0	19	0
609	45	30	0	28	0
609	12	35	0	12	0
609	35	35	0	11	0
609	110	35	0	34	0
609	16	30	0	15	0
609	25	35	0	10	0
609	180	25	0	24	0
609	61	35	0	33	0
609	136	25	0	22	1
609	43	35	0	13	0
609	14	25	0	16	1
609	126	30	0	20	1
609	47	35	0	34	1
609	168	35	0	17	0
609	11	25	0	12	0
609	6	35	0	14	0
609	160	35	0	34	1
609	4	30	0	15	0
609	106	30	0	18	1
609	5	25	0	19	0
611	170	30	0	29	1
611	136	25	0	22	1
611	119	35	0	16	0
611	168	35	0	17	0
611	47	35	0	34	1
611	9	30	0	22	1
611	112	25	0	24	1
611	16	30	0	15	1
611	159	35	0	25	1
611	81	35	0	31	0
611	11	25	0	12	1
611	12	35	0	12	0
611	43	35	0	13	0
611	126	30	0	20	0
611	1	25	0	20	1
611	7	30	0	14	0
611	113	30	0	28	1
611	14	25	0	16	1
611	44	30	0	27	0
611	41	35	0	30	1
611	48	25	0	17	0
611	109	30	0	11	0
611	8	30	0	25	0
611	22	35	0	26	1
611	76	25	0	21	1
611	61	35	0	33	0
611	30	25	0	21	0
611	4	30	0	15	1
611	25	35	0	10	0
611	99	35	0	10	1
611	152	35	0	33	1
611	37	25	0	13	1
611	160	35	0	34	0
611	110	35	0	34	0
611	35	35	0	11	1
611	145	25	0	23	1
611	180	25	0	24	0
611	2	25	0	19	0
611	87	30	0	29	1
611	98	25	0	18	1
611	173	25	0	24	1
611	106	30	0	18	1
611	5	25	0	19	0
611	3	30	0	23	1
611	158	25	0	20	0
611	130	30	0	29	1
611	111	30	0	27	0
611	15	30	0	26	1
611	45	30	0	28	0
611	6	35	0	14	0
611	58	25	0	13	1
619	45	30	0	28	0
619	126	30	0	20	0
619	81	35	0	31	1
619	3	30	0	23	0
619	76	25	0	21	0
619	43	35	0	13	0
619	180	25	0	24	1
619	6	35	0	14	0
619	106	30	0	18	1
619	130	30	0	29	1
619	61	35	0	33	0
619	98	25	0	18	1
619	159	35	0	25	0
619	44	30	0	27	0
619	110	35	0	34	1
619	16	30	0	15	0
619	160	35	0	34	1
619	170	30	0	29	1
619	25	35	0	10	0
619	12	35	0	12	0
619	8	30	0	25	0
619	11	25	0	12	0
619	22	35	0	26	1
619	136	25	0	22	0
619	119	35	0	16	0
619	4	30	0	15	0
619	30	25	0	21	0
619	99	35	0	10	1
619	5	25	0	19	0
619	173	25	0	24	1
619	1	25	0	20	0
619	109	30	0	11	0
619	2	25	0	19	0
619	15	30	0	26	0
619	168	35	0	17	1
619	7	30	0	14	0
619	152	35	0	33	1
619	158	25	0	20	0
619	145	25	0	23	1
619	112	25	0	24	0
619	87	30	0	29	1
619	37	25	0	13	0
619	35	35	0	11	0
619	41	35	0	30	0
619	9	30	0	22	0
619	47	35	0	34	1
619	111	30	0	27	1
619	58	25	0	13	0
619	14	25	0	16	0
619	113	30	0	28	1
619	48	25	0	17	1
621	25	35	0	10	1
621	170	30	0	29	0
621	76	25	0	21	1
621	15	30	0	26	0
621	126	30	0	20	1
621	61	35	0	33	1
621	158	25	0	20	1
621	7	30	0	14	1
621	6	35	0	14	0
621	12	35	0	12	0
621	22	35	0	26	0
621	168	35	0	17	0
621	14	25	0	16	0
621	160	35	0	34	0
621	112	25	0	24	0
621	11	25	0	12	0
621	145	25	0	23	1
621	119	35	0	16	1
621	8	30	0	25	0
621	37	25	0	13	1
621	111	30	0	27	0
621	43	35	0	13	1
621	152	35	0	33	0
621	47	35	0	34	0
621	110	35	0	34	0
621	58	25	0	13	0
621	45	30	0	28	0
621	2	25	0	19	0
621	35	35	0	11	1
621	41	35	0	30	1
621	81	35	0	31	0
621	109	30	0	11	0
621	1	25	0	20	0
621	4	30	0	15	0
621	159	35	0	25	0
621	113	30	0	28	1
621	106	30	0	18	0
621	9	30	0	22	0
621	3	30	0	23	1
621	87	30	0	29	0
621	48	25	0	17	1
621	99	35	0	10	1
621	98	25	0	18	0
621	173	25	0	24	1
621	16	30	0	15	1
621	180	25	0	24	0
621	5	25	0	19	1
621	130	30	0	29	0
621	44	30	0	27	0
621	136	25	0	22	1
621	30	25	0	21	0
624	136	25	0	22	1
624	112	25	0	24	0
624	106	30	0	18	0
624	5	25	0	19	0
624	87	30	0	29	1
624	35	35	0	11	0
624	45	30	0	28	0
624	48	25	0	17	1
624	12	35	0	12	0
624	44	30	0	27	1
624	61	35	0	33	1
624	111	30	0	27	1
624	6	35	0	14	0
624	15	30	0	26	0
624	152	35	0	33	1
624	16	30	0	15	0
624	22	35	0	26	0
624	119	35	0	16	0
624	173	25	0	24	0
624	8	30	0	25	0
624	130	30	0	29	1
624	47	35	0	34	1
624	58	25	0	13	0
624	160	35	0	34	1
624	110	35	0	34	0
624	126	30	0	20	1
624	11	25	0	12	0
624	43	35	0	13	0
624	14	25	0	16	0
624	158	25	0	20	1
624	41	35	0	30	0
624	113	30	0	28	0
624	4	30	0	15	0
624	25	35	0	10	0
624	1	25	0	20	0
624	145	25	0	23	0
624	2	25	0	19	0
624	3	30	0	23	0
624	168	35	0	17	0
624	180	25	0	24	1
624	170	30	0	29	0
624	109	30	0	11	0
624	159	35	0	25	0
624	30	25	0	21	0
624	81	35	0	31	1
624	37	25	0	13	0
624	98	25	0	18	0
624	9	30	0	22	0
624	99	35	0	10	0
624	76	25	0	21	0
624	7	30	0	14	0
628	44	30	0	27	1
628	113	30	0	28	1
628	99	35	0	10	1
628	112	25	0	24	1
628	158	25	0	20	1
628	35	35	0	11	0
628	30	25	0	21	1
628	111	30	0	27	0
628	145	25	0	23	1
628	48	25	0	17	1
628	11	25	0	12	1
628	109	30	0	11	1
628	16	30	0	15	0
628	41	35	0	30	1
628	98	25	0	18	0
628	110	35	0	34	0
628	45	30	0	28	1
628	25	35	0	10	0
628	58	25	0	13	0
628	3	30	0	23	1
628	22	35	0	26	1
628	37	25	0	13	0
628	87	30	0	29	0
628	170	30	0	29	0
628	47	35	0	34	1
628	7	30	0	14	1
628	106	30	0	18	0
628	12	35	0	12	0
628	1	25	0	20	1
628	6	35	0	14	0
628	5	25	0	19	1
628	8	30	0	25	0
628	81	35	0	31	0
628	126	30	0	20	0
628	159	35	0	25	1
628	2	25	0	19	0
628	15	30	0	26	0
628	180	25	0	24	0
628	14	25	0	16	1
628	160	35	0	34	0
628	136	25	0	22	0
628	76	25	0	21	1
628	130	30	0	29	0
628	168	35	0	17	1
628	61	35	0	33	1
628	119	35	0	16	0
628	4	30	0	15	0
628	43	35	0	13	0
628	173	25	0	24	1
628	152	35	0	33	1
628	9	30	0	22	0
667	180	25	0	24	1
667	43	35	0	13	0
667	173	25	0	24	0
667	81	35	0	31	0
667	48	25	0	17	1
667	106	30	0	18	1
667	37	25	0	13	0
667	159	35	0	25	0
667	47	35	0	34	1
667	25	35	0	10	0
667	5	25	0	19	0
667	110	35	0	34	0
667	44	30	0	27	1
667	11	25	0	12	0
667	168	35	0	17	0
667	45	30	0	28	0
667	152	35	0	33	0
667	16	30	0	15	0
667	61	35	0	33	0
667	6	35	0	14	0
667	41	35	0	30	1
667	126	30	0	20	0
667	2	25	0	19	0
667	98	25	0	18	1
667	4	30	0	15	0
667	87	30	0	29	0
667	145	25	0	23	1
667	119	35	0	16	1
667	158	25	0	20	0
667	9	30	0	22	0
667	113	30	0	28	1
667	130	30	0	29	1
667	160	35	0	34	0
667	58	25	0	13	1
667	22	35	0	26	0
667	7	30	0	14	0
667	35	35	0	11	0
667	1	25	0	20	0
667	15	30	0	26	0
667	3	30	0	23	0
667	30	25	0	21	0
667	111	30	0	27	1
667	14	25	0	16	0
667	99	35	0	10	1
667	12	35	0	12	0
667	136	25	0	22	0
667	76	25	0	21	0
667	109	30	0	11	0
667	112	25	0	24	0
667	170	30	0	29	0
667	8	30	0	25	0
673	112	25	0	24	1
673	126	30	0	20	0
673	76	25	0	21	1
673	45	30	0	28	0
673	44	30	0	27	0
673	3	30	0	23	0
673	41	35	0	30	0
673	47	35	0	34	1
673	30	25	0	21	0
673	145	25	0	23	0
673	9	30	0	22	0
673	159	35	0	25	0
673	136	25	0	22	0
673	5	25	0	19	0
673	14	25	0	16	0
673	110	35	0	34	0
673	106	30	0	18	0
673	87	30	0	29	1
673	25	35	0	10	0
673	1	25	0	20	0
673	111	30	0	27	1
673	12	35	0	12	0
673	113	30	0	28	0
673	119	35	0	16	0
673	22	35	0	26	0
673	16	30	0	15	0
673	160	35	0	34	1
673	37	25	0	13	0
673	61	35	0	33	0
673	109	30	0	11	0
673	81	35	0	31	1
673	2	25	0	19	0
673	158	25	0	20	0
673	6	35	0	14	0
673	152	35	0	33	0
673	11	25	0	12	0
673	180	25	0	24	1
673	168	35	0	17	0
673	43	35	0	13	0
673	35	35	0	11	0
673	58	25	0	13	0
673	48	25	0	17	0
673	8	30	0	25	0
673	7	30	0	14	0
673	15	30	0	26	0
673	98	25	0	18	0
673	173	25	0	24	0
673	130	30	0	29	0
673	170	30	0	29	1
673	99	35	0	10	0
673	4	30	0	15	0
678	119	35	0	16	0
678	87	30	0	29	0
678	4	30	0	15	0
678	160	35	0	34	1
678	44	30	0	27	0
678	43	35	0	13	0
678	3	30	0	23	0
678	25	35	0	10	0
678	159	35	0	25	1
678	37	25	0	13	0
678	130	30	0	29	0
678	16	30	0	15	0
678	35	35	0	11	0
678	7	30	0	14	0
678	48	25	0	17	0
678	9	30	0	22	0
678	170	30	0	29	1
678	11	25	0	12	0
678	2	25	0	19	0
678	15	30	0	26	1
678	98	25	0	18	0
678	5	25	0	19	0
678	45	30	0	28	1
678	112	25	0	24	0
678	30	25	0	21	0
678	81	35	0	31	0
678	113	30	0	28	1
678	47	35	0	34	1
678	58	25	0	13	1
678	180	25	0	24	1
678	61	35	0	33	1
678	8	30	0	25	0
678	22	35	0	26	1
678	136	25	0	22	1
678	12	35	0	12	0
678	126	30	0	20	1
678	168	35	0	17	0
678	106	30	0	18	0
678	14	25	0	16	1
678	158	25	0	20	1
678	76	25	0	21	0
678	110	35	0	34	0
678	152	35	0	33	0
678	111	30	0	27	0
678	145	25	0	23	0
678	41	35	0	30	0
678	109	30	0	11	0
678	173	25	0	24	0
678	99	35	0	10	0
678	6	35	0	14	0
678	1	25	0	20	0
682	61	35	0	33	0
682	41	35	0	30	0
682	180	25	0	24	0
682	152	35	0	33	1
682	44	30	0	27	0
682	81	35	0	31	1
682	159	35	0	25	0
682	110	35	0	34	0
682	7	30	0	14	0
682	48	25	0	17	0
682	136	25	0	22	0
682	22	35	0	26	0
682	45	30	0	28	0
682	43	35	0	13	0
682	9	30	0	22	0
682	5	25	0	19	0
682	106	30	0	18	0
682	15	30	0	26	0
682	14	25	0	16	0
682	58	25	0	13	0
682	2	25	0	19	0
682	87	30	0	29	0
682	11	25	0	12	0
682	98	25	0	18	0
682	6	35	0	14	0
682	119	35	0	16	0
682	12	35	0	12	0
682	8	30	0	25	0
682	113	30	0	28	1
682	3	30	0	23	0
682	4	30	0	15	0
682	145	25	0	23	0
682	126	30	0	20	0
682	25	35	0	10	0
682	76	25	0	21	0
682	168	35	0	17	0
682	1	25	0	20	0
682	30	25	0	21	0
682	170	30	0	29	1
682	47	35	0	34	0
682	16	30	0	15	0
682	37	25	0	13	0
682	111	30	0	27	1
682	160	35	0	34	1
682	112	25	0	24	0
682	173	25	0	24	1
682	109	30	0	11	0
682	130	30	0	29	0
682	99	35	0	10	0
682	35	35	0	11	0
682	158	25	0	20	0
692	87	30	0	29	1
692	99	35	0	10	0
692	160	35	0	34	0
692	44	30	0	27	1
692	1	25	0	20	0
692	8	30	0	25	1
692	158	25	0	20	0
692	109	30	0	11	0
692	7	30	0	14	0
692	3	30	0	23	0
692	6	35	0	14	0
692	112	25	0	24	1
692	81	35	0	31	1
692	173	25	0	24	1
692	145	25	0	23	1
692	37	25	0	13	1
692	106	30	0	18	1
692	15	30	0	26	0
692	58	25	0	13	1
692	45	30	0	28	1
692	159	35	0	25	0
692	41	35	0	30	1
692	111	30	0	27	1
692	119	35	0	16	0
692	9	30	0	22	0
692	12	35	0	12	0
692	130	30	0	29	0
692	16	30	0	15	0
692	168	35	0	17	1
692	4	30	0	15	0
692	43	35	0	13	0
692	61	35	0	33	0
692	136	25	0	22	0
692	126	30	0	20	1
692	30	25	0	21	0
692	47	35	0	34	0
692	76	25	0	21	0
692	2	25	0	19	0
692	14	25	0	16	0
692	110	35	0	34	0
692	25	35	0	10	0
692	48	25	0	17	1
692	98	25	0	18	1
692	113	30	0	28	1
692	22	35	0	26	0
692	5	25	0	19	0
692	170	30	0	29	1
692	180	25	0	24	0
692	35	35	0	11	1
692	152	35	0	33	1
692	11	25	0	12	0
694	111	30	0	27	1
694	3	30	0	23	0
694	25	35	0	10	0
694	1	25	0	20	0
694	106	30	0	18	0
694	22	35	0	26	0
694	130	30	0	29	0
694	159	35	0	25	1
694	11	25	0	12	0
694	98	25	0	18	1
694	119	35	0	16	0
694	160	35	0	34	0
694	4	30	0	15	1
694	58	25	0	13	1
694	170	30	0	29	0
694	9	30	0	22	1
694	145	25	0	23	0
694	99	35	0	10	1
694	173	25	0	24	1
694	7	30	0	14	0
694	76	25	0	21	1
694	12	35	0	12	0
694	158	25	0	20	0
694	136	25	0	22	1
694	8	30	0	25	1
694	180	25	0	24	0
694	113	30	0	28	0
694	61	35	0	33	1
694	16	30	0	15	1
694	14	25	0	16	1
694	47	35	0	34	0
694	37	25	0	13	1
694	152	35	0	33	1
694	45	30	0	28	1
694	30	25	0	21	1
694	87	30	0	29	0
694	168	35	0	17	1
694	48	25	0	17	1
694	110	35	0	34	1
694	2	25	0	19	1
694	35	35	0	11	1
694	126	30	0	20	1
694	43	35	0	13	0
694	112	25	0	24	1
694	6	35	0	14	0
694	81	35	0	31	1
694	109	30	0	11	1
694	15	30	0	26	1
694	41	35	0	30	0
694	44	30	0	27	0
694	5	25	0	19	1
701	87	30	0	29	0
701	37	25	0	13	0
701	3	30	0	23	0
701	48	25	0	17	0
701	170	30	0	29	0
701	145	25	0	23	1
701	130	30	0	29	0
701	4	30	0	15	0
701	173	25	0	24	1
701	180	25	0	24	1
701	106	30	0	18	1
701	44	30	0	27	1
701	12	35	0	12	0
701	76	25	0	21	1
701	6	35	0	14	0
701	61	35	0	33	0
701	58	25	0	13	0
701	110	35	0	34	0
701	41	35	0	30	0
701	109	30	0	11	0
701	1	25	0	20	1
701	16	30	0	15	1
701	22	35	0	26	1
701	112	25	0	24	1
701	160	35	0	34	0
701	8	30	0	25	0
701	2	25	0	19	0
701	14	25	0	16	0
701	119	35	0	16	1
701	7	30	0	14	0
701	152	35	0	33	1
701	30	25	0	21	1
701	113	30	0	28	1
701	5	25	0	19	0
701	136	25	0	22	1
701	45	30	0	28	1
701	168	35	0	17	0
701	98	25	0	18	0
701	25	35	0	10	0
701	158	25	0	20	0
701	43	35	0	13	0
701	111	30	0	27	0
701	15	30	0	26	0
701	81	35	0	31	1
701	47	35	0	34	0
701	99	35	0	10	0
701	11	25	0	12	0
701	126	30	0	20	1
701	35	35	0	11	0
701	9	30	0	22	0
701	159	35	0	25	1
707	35	35	0	11	0
707	45	30	0	28	0
707	12	35	0	12	0
707	61	35	0	33	1
707	11	25	0	12	0
707	99	35	0	10	0
707	109	30	0	11	1
707	6	35	0	14	0
707	106	30	0	18	1
707	126	30	0	20	1
707	159	35	0	25	1
707	44	30	0	27	1
707	145	25	0	23	1
707	81	35	0	31	0
707	47	35	0	34	1
707	5	25	0	19	1
707	7	30	0	14	0
707	2	25	0	19	0
707	160	35	0	34	0
707	14	25	0	16	0
707	76	25	0	21	1
707	158	25	0	20	0
707	41	35	0	30	1
707	8	30	0	25	0
707	16	30	0	15	1
707	119	35	0	16	0
707	15	30	0	26	0
707	168	35	0	17	0
707	43	35	0	13	1
707	113	30	0	28	1
707	98	25	0	18	1
707	111	30	0	27	1
707	1	25	0	20	0
707	173	25	0	24	1
707	3	30	0	23	1
707	37	25	0	13	0
707	9	30	0	22	1
707	180	25	0	24	0
707	152	35	0	33	1
707	22	35	0	26	1
707	58	25	0	13	0
707	48	25	0	17	1
707	130	30	0	29	1
707	170	30	0	29	0
707	112	25	0	24	1
707	136	25	0	22	1
707	110	35	0	34	1
707	25	35	0	10	0
707	4	30	0	15	0
707	30	25	0	21	0
707	87	30	0	29	0
730	159	35	0	25	0
730	15	30	0	26	0
730	6	35	0	14	0
730	109	30	0	11	0
730	3	30	0	23	0
730	130	30	0	29	0
730	152	35	0	33	1
730	11	25	0	12	0
730	110	35	0	34	0
730	106	30	0	18	0
730	145	25	0	23	1
730	2	25	0	19	0
730	12	35	0	12	0
730	76	25	0	21	0
730	25	35	0	10	0
730	43	35	0	13	0
730	1	25	0	20	0
730	81	35	0	31	1
730	35	35	0	11	0
730	5	25	0	19	0
730	168	35	0	17	0
730	119	35	0	16	0
730	37	25	0	13	0
730	170	30	0	29	1
730	136	25	0	22	0
730	44	30	0	27	0
730	160	35	0	34	1
730	158	25	0	20	1
730	22	35	0	26	0
730	173	25	0	24	1
730	61	35	0	33	1
730	99	35	0	10	0
730	48	25	0	17	0
730	41	35	0	30	1
730	98	25	0	18	0
730	180	25	0	24	0
730	14	25	0	16	0
730	9	30	0	22	0
730	7	30	0	14	0
730	45	30	0	28	1
730	111	30	0	27	1
730	16	30	0	15	0
730	126	30	0	20	0
730	8	30	0	25	0
730	112	25	0	24	0
730	4	30	0	15	0
730	87	30	0	29	0
730	113	30	0	28	0
730	30	25	0	21	1
730	58	25	0	13	0
730	47	35	0	34	1
739	4	30	0	15	0
739	170	30	0	29	0
739	106	30	0	18	1
739	6	35	0	14	0
739	152	35	0	33	0
739	113	30	0	28	0
739	159	35	0	25	1
739	87	30	0	29	1
739	58	25	0	13	0
739	111	30	0	27	1
739	16	30	0	15	0
739	168	35	0	17	0
739	1	25	0	20	0
739	30	25	0	21	0
739	130	30	0	29	1
739	44	30	0	27	1
739	25	35	0	10	0
739	173	25	0	24	0
739	112	25	0	24	1
739	145	25	0	23	0
739	109	30	0	11	0
739	158	25	0	20	0
739	11	25	0	12	0
739	61	35	0	33	0
739	8	30	0	25	0
739	47	35	0	34	1
739	9	30	0	22	0
739	43	35	0	13	0
739	81	35	0	31	0
739	14	25	0	16	0
739	48	25	0	17	0
739	180	25	0	24	1
739	7	30	0	14	0
739	3	30	0	23	0
739	12	35	0	12	0
739	76	25	0	21	1
739	37	25	0	13	0
739	41	35	0	30	0
739	110	35	0	34	0
739	99	35	0	10	0
739	15	30	0	26	0
739	126	30	0	20	1
739	35	35	0	11	0
739	119	35	0	16	0
739	2	25	0	19	0
739	45	30	0	28	0
739	98	25	0	18	0
739	22	35	0	26	0
739	5	25	0	19	0
739	160	35	0	34	1
739	136	25	0	22	1
771	152	35	0	33	0
771	168	35	0	17	1
771	98	25	0	18	1
771	130	30	0	29	1
771	15	30	0	26	1
771	126	30	0	20	0
771	158	25	0	20	1
771	9	30	0	22	0
771	113	30	0	28	0
771	14	25	0	16	0
771	41	35	0	30	0
771	45	30	0	28	0
771	8	30	0	25	0
771	25	35	0	10	0
771	170	30	0	29	0
771	119	35	0	16	1
771	81	35	0	31	1
771	44	30	0	27	0
771	12	35	0	12	0
771	35	35	0	11	0
771	43	35	0	13	0
771	61	35	0	33	0
771	4	30	0	15	0
771	111	30	0	27	0
771	112	25	0	24	1
771	48	25	0	17	1
771	76	25	0	21	0
771	159	35	0	25	1
771	58	25	0	13	0
771	6	35	0	14	0
771	180	25	0	24	0
771	136	25	0	22	0
771	37	25	0	13	1
771	11	25	0	12	0
771	87	30	0	29	0
771	173	25	0	24	0
771	145	25	0	23	1
771	22	35	0	26	1
771	7	30	0	14	0
771	30	25	0	21	1
771	110	35	0	34	0
771	2	25	0	19	0
771	109	30	0	11	1
771	99	35	0	10	0
771	106	30	0	18	1
771	16	30	0	15	0
771	1	25	0	20	0
771	3	30	0	23	0
771	160	35	0	34	0
771	5	25	0	19	0
771	47	35	0	34	0
820	14	25	0	16	0
820	136	25	0	22	0
820	126	30	0	20	0
820	158	25	0	20	1
820	43	35	0	13	0
820	4	30	0	15	0
820	48	25	0	17	1
820	11	25	0	12	0
820	87	30	0	29	1
820	47	35	0	34	1
820	160	35	0	34	0
820	112	25	0	24	0
820	9	30	0	22	0
820	25	35	0	10	0
820	168	35	0	17	0
820	12	35	0	12	0
820	113	30	0	28	0
820	173	25	0	24	1
820	170	30	0	29	1
820	130	30	0	29	0
820	180	25	0	24	1
820	111	30	0	27	0
820	2	25	0	19	0
820	110	35	0	34	0
820	119	35	0	16	0
820	1	25	0	20	0
820	41	35	0	30	0
820	109	30	0	11	0
820	3	30	0	23	0
820	5	25	0	19	0
820	30	25	0	21	1
820	99	35	0	10	0
820	8	30	0	25	0
820	16	30	0	15	0
820	145	25	0	23	1
820	58	25	0	13	0
820	61	35	0	33	0
820	15	30	0	26	0
820	45	30	0	28	0
820	76	25	0	21	1
820	6	35	0	14	0
820	7	30	0	14	0
820	98	25	0	18	1
820	37	25	0	13	0
820	159	35	0	25	1
820	44	30	0	27	1
820	152	35	0	33	1
820	22	35	0	26	1
820	81	35	0	31	0
820	106	30	0	18	0
820	35	35	0	11	0
